Data Source,nData,thres_pct,Lower Bound,Upper Bound,True Value,Repetition Index
lognorm,30,0.6,0.0006969361352741288,0.00510714095159033,0.005,0
lognorm,30,0.6,0.00011573881905548867,0.003940642702592829,0.005,1
lognorm,30,0.6,0.006439950872589995,0.01085141084527553,0.005,2
lognorm,30,0.6,0.0006138476154154749,0.0052651405382911085,0.005,3
lognorm,30,0.6,0.0015070430054523688,0.006449933920101174,0.005,4
lognorm,30,0.6,0.005092536692542948,0.009247698505665883,0.005,5
lognorm,30,0.6,0.0022271780210000093,0.0070844887147266155,0.005,6
lognorm,30,0.6,0.0016207209048769934,0.005522300978588175,0.005,7
lognorm,30,0.6,0.002627921354513063,0.005993636844767001,0.005,8
lognorm,30,0.6,0.0009594098394956063,0.007209696397799967,0.005,9
lognorm,30,0.6,0.0015041727466439615,0.008089966855375871,0.005,10
lognorm,30,0.6,0.006918102787148462,0.012047766038042192,0.005,11
lognorm,30,0.6,0.0039736280104259334,0.0072305398658168004,0.005,12
lognorm,30,0.6,0.002507261349690282,0.005893623563013202,0.005,13
lognorm,30,0.6,0.003731122368490114,0.008157342467807228,0.005,14
lognorm,30,0.6,0.0012596398737779514,0.006415832232678116,0.005,15
lognorm,30,0.6,1.5122699938441288e-05,0.0030255954754170376,0.005,16
lognorm,30,0.6,0.0037962829661912336,0.008187771153902627,0.005,17
lognorm,30,0.6,0.005373166588715162,0.009908151132147467,0.005,18
lognorm,30,0.6,0.0013403010523207028,0.005771048504810652,0.005,19
lognorm,30,0.6,0.0051115831929490875,0.009437832383906443,0.005,20
lognorm,30,0.6,0.00209458388402628,0.006519813695903034,0.005,21
lognorm,30,0.6,0.0005484575404330006,0.0029876715001787547,0.005,22
lognorm,30,0.6,0.004088236787699229,0.006636835362278566,0.005,23
lognorm,30,0.6,0.004128579712936453,0.007200605687277212,0.005,24
lognorm,30,0.6,0.0010194848640407538,0.012848774121933072,0.005,25
lognorm,30,0.6,0.004277172226285631,0.006845959471685552,0.005,26
lognorm,30,0.6,0.003507236971186245,0.006710826961613192,0.005,27
lognorm,30,0.6,0.0001732006921924434,0.0035478102910547074,0.005,28
lognorm,30,0.6,0.0006235425609709467,0.005083421331068374,0.005,29
lognorm,30,0.6,0.0055973358690960765,0.009315104703119097,0.005,30
lognorm,30,0.6,0.0006561081483901888,0.008888189558886875,0.005,31
lognorm,30,0.6,0.0018990338592363987,0.005104436413761438,0.005,32
lognorm,30,0.6,0.0006776224478625359,0.004525465647028377,0.005,33
lognorm,30,0.6,0.004599132174938347,0.007972686690812166,0.005,34
lognorm,30,0.6,0.0028356589479040743,0.006812998544368714,0.005,35
lognorm,30,0.6,0.0017880567275815552,0.005721520292924177,0.005,36
lognorm,30,0.6,0.0017292833114892936,0.006693174626562363,0.005,37
lognorm,30,0.6,0.00031763295997402354,0.005618129962959317,0.005,38
lognorm,30,0.6,0.004387412003593383,0.007621752911542563,0.005,39
lognorm,30,0.6,0.0021679906890625044,0.006262471977691348,0.005,40
lognorm,30,0.6,0.004732953904373449,0.007751452125676659,0.005,41
lognorm,30,0.6,0.0023552382892257032,0.006232436640723047,0.005,42
lognorm,30,0.6,0.0009742074383727317,0.014006322088918256,0.005,43
lognorm,30,0.6,0.0024987028338963047,0.005931306244908281,0.005,44
lognorm,30,0.6,0.004531502961852496,0.00792953192704236,0.005,45
lognorm,30,0.6,0.00018435165586083713,0.0030946221028191243,0.005,46
lognorm,30,0.6,0.005233013366356287,0.010047823723770836,0.005,47
lognorm,30,0.6,0.0014411021392907843,0.006120231837151592,0.005,48
lognorm,30,0.6,2.1842438331898253e-05,0.007981397271429592,0.005,49
lognorm,30,0.6,0.00024010777856458,0.006182902797434654,0.005,50
lognorm,30,0.6,0.004377547727083897,0.007505054142977459,0.005,51
lognorm,30,0.6,0.0022619052197851096,0.007896954791453446,0.005,52
lognorm,30,0.6,0.0023525723661489643,0.005690490102463079,0.005,53
lognorm,30,0.6,0.0013507780100642465,0.005872750686556981,0.005,54
lognorm,30,0.6,0.0009445558465136728,0.006145017360739402,0.005,55
lognorm,30,0.6,0.0047197145089430854,0.007528713407785135,0.005,56
lognorm,30,0.6,0.0017068957130181419,0.005094029586975484,0.005,57
lognorm,30,0.6,0.0017318687597029482,0.006663414504124302,0.005,58
lognorm,30,0.6,0.0013600461018849154,0.006208804724366475,0.005,59
lognorm,30,0.6,0.0004367901336111313,0.004624755743822128,0.005,60
lognorm,30,0.6,0.00471294866965315,0.008152770766541832,0.005,61
lognorm,30,0.6,0.0057146798956964956,0.009171257810107194,0.005,62
lognorm,30,0.6,0.001169486297428568,0.004546193946736961,0.005,63
lognorm,30,0.6,0.000904393517918134,0.005281136398498327,0.005,64
lognorm,30,0.6,0.0006321634616450744,0.008844046637329591,0.005,65
lognorm,30,0.6,0.0010803735765133827,0.006118599681845567,0.005,66
lognorm,30,0.6,0.0009455610269845316,0.00647548109063613,0.005,67
lognorm,30,0.6,0.0005036724741168009,0.003688358450174021,0.005,68
lognorm,30,0.6,4.4804534332065776e-05,0.008230648232912505,0.005,69
lognorm,30,0.6,0.003088522028403684,0.006343108635038955,0.005,70
lognorm,30,0.6,0.0021500503217844803,0.009837562845079336,0.005,71
lognorm,30,0.6,0.0032155760327401864,0.005761735670076331,0.005,72
lognorm,30,0.6,0.0047196726335607675,0.007525205363773055,0.005,73
lognorm,30,0.6,0.004125808089813709,0.007607090181899361,0.005,74
lognorm,30,0.6,0.001772017295690054,0.004587140284966796,0.005,75
lognorm,30,0.6,0.00018231705107178976,0.009375644706388228,0.005,76
lognorm,30,0.6,0.0054526160726156465,0.014265050790866492,0.005,77
lognorm,30,0.6,0.0008293170926048088,0.013391796945303583,0.005,78
lognorm,30,0.6,0.006027745297107812,0.013139275524756687,0.005,79
lognorm,30,0.6,0.002013622813247684,0.00793833415138678,0.005,80
lognorm,30,0.6,0.0005224102784424201,0.007723037882765926,0.005,81
lognorm,30,0.6,0.001648315742447748,0.0070069115031796796,0.005,82
lognorm,30,0.6,0.0006264722574158999,0.004603010432213009,0.005,83
lognorm,30,0.6,0.004548807358188212,0.0077769626255437515,0.005,84
lognorm,30,0.6,0.002379480222289221,0.006149423372630285,0.005,85
lognorm,30,0.6,0.0006111301380827161,0.006532303652107815,0.005,86
lognorm,30,0.6,0.0015285954203184905,0.007345866151619005,0.005,87
lognorm,30,0.6,0.005174646001009276,0.009299204085069,0.005,88
lognorm,30,0.6,0.0010605700610505143,0.006156631092613867,0.005,89
lognorm,30,0.6,0.0014705313851341552,0.005725409806103625,0.005,90
lognorm,30,0.6,0.0013191615215496278,0.006950864544342463,0.005,91
lognorm,30,0.6,0.00270259567308595,0.005625445487489853,0.005,92
lognorm,30,0.6,0.00660582857530474,0.010296085668802211,0.005,93
lognorm,30,0.6,0.0004993850318886217,0.003779331016535712,0.005,94
lognorm,30,0.6,0.004406686970988227,0.007365321733833749,0.005,95
lognorm,30,0.6,0.009357725007052188,0.02226483519619717,0.005,96
lognorm,30,0.6,0.004075356128451091,0.0073611218488203066,0.005,97
lognorm,30,0.6,0.0017540970649482458,0.010417300913747964,0.005,98
lognorm,30,0.6,0.00038985953229770943,0.006512316809188523,0.005,99
lognorm,30,0.6,0.005676147690004286,0.014568040871178542,0.005,100
lognorm,30,0.6,0.0037539481205591586,0.007840202856801938,0.005,101
lognorm,30,0.6,0.004426717567484717,0.008281428235193719,0.005,102
lognorm,30,0.6,0.00465011719324191,0.007534561277140419,0.005,103
lognorm,30,0.6,0.0013725223258303388,0.008947654605005085,0.005,104
lognorm,30,0.6,0.006601803157634434,0.01109198672417339,0.005,105
lognorm,30,0.6,0.0017631217354740604,0.006002823438586651,0.005,106
lognorm,30,0.6,0.0010732633373873313,0.004892281245922099,0.005,107
lognorm,30,0.6,0.0017632619592706789,0.007866816420252713,0.005,108
lognorm,30,0.6,0.0005011062620452922,0.006375685928348173,0.005,109
lognorm,30,0.6,0.004129956954662406,0.010259556670686577,0.005,110
lognorm,30,0.6,0.004746253134551459,0.008018928465036051,0.005,111
lognorm,30,0.6,0.003480810883064178,0.0070962554521212026,0.005,112
lognorm,30,0.6,0.005700102857207102,0.009452666599239119,0.005,113
lognorm,30,0.6,0.0013921987305495877,0.006927418005503425,0.005,114
lognorm,30,0.6,0.003897086772268388,0.020617706654214096,0.005,115
lognorm,30,0.6,0.001828026739698263,0.006478314335395845,0.005,116
lognorm,30,0.6,0.0017364761945618758,0.007230089034360565,0.005,117
lognorm,30,0.6,0.003652275274266348,0.007210218143834709,0.005,118
lognorm,30,0.6,0.0012323572348713618,0.004903519294850009,0.005,119
lognorm,30,0.6,0.0020301413675198887,0.008244809367482982,0.005,120
lognorm,30,0.6,0.004536627705408236,0.007321032406181515,0.005,121
lognorm,30,0.6,0.004697491930248577,0.008567777710644105,0.005,122
lognorm,30,0.6,0.0002477907899469223,0.004130200183236984,0.005,123
lognorm,30,0.6,0.0038765074642210353,0.006782754217222975,0.005,124
lognorm,30,0.6,0.002150202137499946,0.00486225156184134,0.005,125
lognorm,30,0.6,0.002272239944191501,0.006656777334483153,0.005,126
lognorm,30,0.6,0.004932131405294538,0.008165345183407408,0.005,127
lognorm,30,0.6,0.001143055968968465,0.006033437610192183,0.005,128
lognorm,30,0.6,0.0020737280332102427,0.007142016074573348,0.005,129
lognorm,30,0.6,0.000585269195028415,0.005345178321269931,0.005,130
lognorm,30,0.6,0.0014839288826037134,0.005111019144817266,0.005,131
lognorm,30,0.6,0.0005980180161100801,0.004622861583198363,0.005,132
lognorm,30,0.6,0.0033686082351759962,0.006000316473706163,0.005,133
lognorm,30,0.6,0.0008755490839804204,0.0068233469040446405,0.005,134
lognorm,30,0.6,0.0012486377750608125,0.0062416623995432755,0.005,135
lognorm,30,0.6,0.0051310768987467455,0.008168690669180502,0.005,136
lognorm,30,0.6,0.0020052850504217457,0.006467321811334417,0.005,137
lognorm,30,0.6,0.000748026193015905,0.016872174171085552,0.005,138
lognorm,30,0.6,0.0064035170599688225,0.013125113728859831,0.005,139
lognorm,30,0.6,0.0005855732272103787,0.006947249300016383,0.005,140
lognorm,30,0.6,0.0016798988998651511,0.0066753886302819785,0.005,141
lognorm,30,0.6,0.0017035466411069234,0.0076992345259395125,0.005,142
lognorm,30,0.6,0.0008644801375791822,0.006481592353732993,0.005,143
lognorm,30,0.6,0.0009406009969265217,0.004593361605623813,0.005,144
lognorm,30,0.6,0.0020458600862220066,0.006054795261040747,0.005,145
lognorm,30,0.6,0.004281026518693931,0.007878272477780763,0.005,146
lognorm,30,0.6,0.0007099685636313247,0.013310553837902021,0.005,147
lognorm,30,0.6,0.003978955734639911,0.006147495902639735,0.005,148
lognorm,30,0.6,0.0012113820749981574,0.0063291489690598945,0.005,149
lognorm,30,0.6,0.0041743015778774595,0.0067398625225952285,0.005,150
lognorm,30,0.6,0.00037175451263702367,0.0035806813391946494,0.005,151
lognorm,30,0.6,0.00026235518796013935,0.0046520129759672095,0.005,152
lognorm,30,0.6,0.001384532746630285,0.008703598190829472,0.005,153
lognorm,30,0.6,0.0015580491305421163,0.007208737561220766,0.005,154
lognorm,30,0.6,0.0036151178983664604,0.00519742617570173,0.005,155
lognorm,30,0.6,0.001761082339339426,0.006097584301583178,0.005,156
lognorm,30,0.6,0.005733897837970048,0.009518749737595228,0.005,157
lognorm,30,0.6,0.001262632594769153,0.006068529062349661,0.005,158
lognorm,30,0.6,0.0008507812150146954,0.011591302321046245,0.005,159
lognorm,30,0.6,0.006049090412874537,0.010862307335644257,0.005,160
lognorm,30,0.6,0.0025397974253913882,0.006382431944019739,0.005,161
lognorm,30,0.6,0.0012300737505463568,0.005094054652696789,0.005,162
lognorm,30,0.6,0.0015920606611494748,0.004982367384628781,0.005,163
lognorm,30,0.6,0.005365657759918241,0.008627830012383212,0.005,164
lognorm,30,0.6,0.0015097689895546386,0.006207217996524848,0.005,165
lognorm,30,0.6,0.002453447153334487,0.007512649770120345,0.005,166
lognorm,30,0.6,0.004336919098863312,0.007578850230097794,0.005,167
lognorm,30,0.6,0.002037785017893468,0.008087290737550911,0.005,168
lognorm,30,0.6,0.0021500722937434435,0.006510910889028196,0.005,169
lognorm,30,0.6,0.0006728520046552777,0.007180147369171099,0.005,170
lognorm,30,0.6,0.0012683542216165744,0.005742051377089435,0.005,171
lognorm,30,0.6,0.0006454974188701001,0.003358271681939871,0.005,172
lognorm,30,0.6,0.002032958914527683,0.006978287542939847,0.005,173
lognorm,30,0.6,0.0010922642917300164,0.005719300191148491,0.005,174
lognorm,30,0.6,0.0015097044225812263,0.006886908514409113,0.005,175
lognorm,30,0.6,0.0012726794056009628,0.007170123825802536,0.005,176
lognorm,30,0.6,0.0005735673689860388,0.00888726904190037,0.005,177
lognorm,30,0.6,0.0043828853761621826,0.008880135491446943,0.005,178
lognorm,30,0.6,0.002761794977974441,0.007087094754029601,0.005,179
lognorm,30,0.6,0.002608511436546923,0.009497218029236172,0.005,180
lognorm,30,0.6,0.004942217529319804,0.0076227834297450895,0.005,181
lognorm,30,0.6,0.0057320482162247725,0.014732353669155599,0.005,182
lognorm,30,0.6,0.0004912268044179324,0.007155013438724992,0.005,183
lognorm,30,0.6,0.004576116626153715,0.007655291558574476,0.005,184
lognorm,30,0.6,0.001120594342280512,0.005089067813280972,0.005,185
lognorm,30,0.6,0.0005952572967963033,0.008184890566215186,0.005,186
lognorm,30,0.6,0.0037484755879287237,0.007286738822848115,0.005,187
lognorm,30,0.6,0.000989004824204276,0.0055113187682239,0.005,188
lognorm,30,0.6,0.0025853142001206033,0.007955801124483797,0.005,189
lognorm,30,0.6,0.0008118214174292593,0.0058662936639264085,0.005,190
lognorm,30,0.6,0.004856644523250919,0.009152171030358182,0.005,191
lognorm,30,0.6,0.0017606632772330323,0.00510458728859409,0.005,192
lognorm,30,0.6,0.0004701803986992381,0.004667038886820008,0.005,193
lognorm,30,0.6,0.003497523258317248,0.008493017113487772,0.005,194
lognorm,30,0.6,0.004020951249529459,0.010385309153888201,0.005,195
lognorm,30,0.6,0.0008024301229105469,0.005455445277899262,0.005,196
lognorm,30,0.6,0.0056646970583511536,0.013647133537820023,0.005,197
lognorm,30,0.6,0.00178682511747974,0.009242937526561603,0.005,198
lognorm,30,0.6,0.0013912876234706052,0.007386219601516562,0.005,199
lognorm,30,0.65,0.00026471499381385265,0.004942125493972066,0.005,0
lognorm,30,0.65,0.0001654278697573767,0.0038267151233713583,0.005,1
lognorm,30,0.65,0.007580707267258483,0.012250194917045775,0.005,2
lognorm,30,0.65,0.001174335423087558,0.005644369214802836,0.005,3
lognorm,30,0.65,0.0009074969863087274,0.005707471868228644,0.005,4
lognorm,30,0.65,0.005472086289003212,0.008883552841233579,0.005,5
lognorm,30,0.65,0.0013142982615740428,0.006822611697840895,0.005,6
lognorm,30,0.65,0.002355867356160579,0.005665194894722489,0.005,7
lognorm,30,0.65,0.0013034719964075162,0.0062253785599632235,0.005,8
lognorm,30,0.65,0.000723696602417297,0.006589687465398998,0.005,9
lognorm,30,0.65,0.0027779961149255847,0.008577636939820011,0.005,10
lognorm,30,0.65,0.006944840836487102,0.012037818059521251,0.005,11
lognorm,30,0.65,0.004156469029625342,0.0069572535330983,0.005,12
lognorm,30,0.65,0.0016804799307599408,0.005933257348755355,0.005,13
lognorm,30,0.65,0.0038063018631039666,0.00810124632440831,0.005,14
lognorm,30,0.65,0.0006765635876861964,0.005502686549520661,0.005,15
lognorm,30,0.65,0.00015005353444767314,0.002774690928896834,0.005,16
lognorm,30,0.65,0.004164364122727285,0.00805378603596696,0.005,17
lognorm,30,0.65,0.005417735639678648,0.009833018439622735,0.005,18
lognorm,30,0.65,0.0012178116681641148,0.005702442886418965,0.005,19
lognorm,30,0.65,0.005216995362631571,0.008766790192409583,0.005,20
lognorm,30,0.65,0.0024471076438286644,0.006336391047138065,0.005,21
lognorm,30,0.65,0.00045675617906253406,0.0024259573734385464,0.005,22
lognorm,30,0.65,0.003946869482767741,0.00631003780862839,0.005,23
lognorm,30,0.65,0.002816037975724935,0.008391284000005972,0.005,24
lognorm,30,0.65,0.0006607937334173789,0.01097402030785845,0.005,25
lognorm,30,0.65,0.004280042001315128,0.0068866554540546404,0.005,26
lognorm,30,0.65,0.003669657940305948,0.0066471580652605645,0.005,27
lognorm,30,0.65,0.0004894008711307962,0.0037323077791890005,0.005,28
lognorm,30,0.65,0.0006949955671971245,0.004581909818254033,0.005,29
lognorm,30,0.65,0.0020604797418213527,0.009045015451353881,0.005,30
lognorm,30,0.65,0.0008624228895416993,0.009938966866836527,0.005,31
lognorm,30,0.65,0.0025147139145231404,0.005103776010832366,0.005,32
lognorm,30,0.65,0.0007094174761279714,0.004533215443442871,0.005,33
lognorm,30,0.65,0.003806570388852363,0.007852737546206856,0.005,34
lognorm,30,0.65,0.0018881904987397057,0.006486645878489694,0.005,35
lognorm,30,0.65,0.00180083348585525,0.00569569907545068,0.005,36
lognorm,30,0.65,0.002842167981378255,0.006806464313070183,0.005,37
lognorm,30,0.65,0.000192252947186126,0.00557540759911496,0.005,38
lognorm,30,0.65,0.004145222069289467,0.007670878703059242,0.005,39
lognorm,30,0.65,0.0024727070416111774,0.006232840539474098,0.005,40
lognorm,30,0.65,0.004358616614718676,0.0070630976411415695,0.005,41
lognorm,30,0.65,0.0033235337998708627,0.006083392668195621,0.005,42
lognorm,30,0.65,0.0011406170247560484,0.016554345181579014,0.005,43
lognorm,30,0.65,0.0009192115115704501,0.004993923215007891,0.005,44
lognorm,30,0.65,0.00472535538711396,0.007735910840357002,0.005,45
lognorm,30,0.65,0.00029688377136575606,0.0031083877305920957,0.005,46
lognorm,30,0.65,0.005193136389050893,0.00983133112055275,0.005,47
lognorm,30,0.65,0.00079814226069617,0.005755990527567602,0.005,48
lognorm,30,0.65,0.00020344401163076747,0.008773289623229404,0.005,49
lognorm,30,0.65,0.00012447065632124795,0.006408054365186761,0.005,50
lognorm,30,0.65,0.002083958725897946,0.008948367556907193,0.005,51
lognorm,30,0.65,0.002343572647448326,0.007719854120740814,0.005,52
lognorm,30,0.65,0.0029263475114546817,0.0056168668316319255,0.005,53
lognorm,30,0.65,0.0011934878137383734,0.005791694954221662,0.005,54
lognorm,30,0.65,0.0007895619555953785,0.00602016877493615,0.005,55
lognorm,30,0.65,0.008360084470651737,0.015308625312328778,0.005,56
lognorm,30,0.65,0.0015262297300636329,0.004986323241655282,0.005,57
lognorm,30,0.65,0.0022364882348220243,0.006934271462617134,0.005,58
lognorm,30,0.65,0.001986698625906687,0.006183379119025768,0.005,59
lognorm,30,0.65,0.0005857719448422097,0.004559939696290194,0.005,60
lognorm,30,0.65,0.004806733988998768,0.007707865129393972,0.005,61
lognorm,30,0.65,0.007720967501935216,0.012969848620838253,0.005,62
lognorm,30,0.65,0.001152422229794921,0.004426507708360214,0.005,63
lognorm,30,0.65,0.0007031306981971445,0.005187030638279002,0.005,64
lognorm,30,0.65,0.0007392833627574257,0.008824513503349877,0.005,65
lognorm,30,0.65,0.0013015627479440294,0.0058504064389604754,0.005,66
lognorm,30,0.65,0.0004706105835558009,0.006695182626858975,0.005,67
lognorm,30,0.65,0.00035659101299805317,0.0034267218946357537,0.005,68
lognorm,30,0.65,0.00012488977284851692,0.010389147929407677,0.005,69
lognorm,30,0.65,0.0031832523677215448,0.00616836487147907,0.005,70
lognorm,30,0.65,0.005883458761547366,0.011885676757765716,0.005,71
lognorm,30,0.65,0.0029435706654668214,0.0058660704662173895,0.005,72
lognorm,30,0.65,0.004240730186129992,0.00669227864493815,0.005,73
lognorm,30,0.65,0.004611227472414355,0.007391924012048819,0.005,74
lognorm,30,0.65,0.0022169639182045286,0.004650756400436186,0.005,75
lognorm,30,0.65,0.0001825962686680486,0.008588988125022148,0.005,76
lognorm,30,0.65,0.005253312695218226,0.013788324958793435,0.005,77
lognorm,30,0.65,0.0007012340240979334,0.01236768425733748,0.005,78
lognorm,30,0.65,0.005533710410640568,0.012236892505774406,0.005,79
lognorm,30,0.65,0.0010399259630149464,0.006487906477880374,0.005,80
lognorm,30,0.65,0.00047556429364789353,0.007953349827996926,0.005,81
lognorm,30,0.65,0.0011593142898437454,0.006861236861746788,0.005,82
lognorm,30,0.65,0.00034127208803584884,0.0035648095102117387,0.005,83
lognorm,30,0.65,0.004355166043337318,0.008479420405963884,0.005,84
lognorm,30,0.65,0.0037534552666052506,0.006261898591189936,0.005,85
lognorm,30,0.65,0.0005873401688623048,0.0059179355762184905,0.005,86
lognorm,30,0.65,0.0008876311577156329,0.007356827816718476,0.005,87
lognorm,30,0.65,0.0056222315255280205,0.009986494577027598,0.005,88
lognorm,30,0.65,0.0007667576820859759,0.0058805625912926145,0.005,89
lognorm,30,0.65,0.002426455779701279,0.005806297214923212,0.005,90
lognorm,30,0.65,0.0009142928069083122,0.006895355406058674,0.005,91
lognorm,30,0.65,0.0015210439243635557,0.005213223509550097,0.005,92
lognorm,30,0.65,0.00850090825869453,0.014938950946680869,0.005,93
lognorm,30,0.65,0.0004817409289213666,0.0036048416291096473,0.005,94
lognorm,30,0.65,0.004237992499040199,0.006867328647960938,0.005,95
lognorm,30,0.65,0.008465526082145635,0.022022235982923855,0.005,96
lognorm,30,0.65,0.0040540211292198714,0.007229449488008155,0.005,97
lognorm,30,0.65,0.0020247423868118434,0.010125303954798655,0.005,98
lognorm,30,0.65,0.0006944603243803748,0.006152828868969268,0.005,99
lognorm,30,0.65,0.0056173467089027295,0.01503238689124391,0.005,100
lognorm,30,0.65,0.0015044905243475717,0.007589099463721251,0.005,101
lognorm,30,0.65,0.0028457198611170353,0.008911985635796522,0.005,102
lognorm,30,0.65,0.00463774689035733,0.007617310896841995,0.005,103
lognorm,30,0.65,0.0010237361858813742,0.008339323072339241,0.005,104
lognorm,30,0.65,0.0069042635675112965,0.011924718739606861,0.005,105
lognorm,30,0.65,0.001342762135750497,0.005656774460611404,0.005,106
lognorm,30,0.65,0.0006433166575089928,0.004389994591409399,0.005,107
lognorm,30,0.65,0.0012120508643878257,0.007391627241852957,0.005,108
lognorm,30,0.65,0.0004651160233568448,0.006714039493522858,0.005,109
lognorm,30,0.65,0.0030236117672433616,0.010627822230048892,0.005,110
lognorm,30,0.65,0.0046320539248940786,0.007973971242008736,0.005,111
lognorm,30,0.65,0.003050012844544477,0.007103332948143471,0.005,112
lognorm,30,0.65,0.005297582584162467,0.00857739711854095,0.005,113
lognorm,30,0.65,0.0013708668192929448,0.006474299800514707,0.005,114
lognorm,30,0.65,0.0035549901395545295,0.018267508327479365,0.005,115
lognorm,30,0.65,0.0019542517931601406,0.00627654327627898,0.005,116
lognorm,30,0.65,0.0017557241656010875,0.007149336906582439,0.005,117
lognorm,30,0.65,0.0038465148052045073,0.007141699793469494,0.005,118
lognorm,30,0.65,0.0010575331022770638,0.0038239705058006686,0.005,119
lognorm,30,0.65,0.0007171504102782407,0.007653966867425356,0.005,120
lognorm,30,0.65,0.005493602474193862,0.00883998418775743,0.005,121
lognorm,30,0.65,0.004468122011180364,0.008153769551704663,0.005,122
lognorm,30,0.65,0.00022149167885504212,0.00394735658100267,0.005,123
lognorm,30,0.65,0.003980486857662028,0.00679927963381267,0.005,124
lognorm,30,0.65,0.0011301671483228358,0.004557494293258083,0.005,125
lognorm,30,0.65,0.0016812903118571974,0.006338596118610695,0.005,126
lognorm,30,0.65,0.006003659355478974,0.009661405815730129,0.005,127
lognorm,30,0.65,0.0009811652859966769,0.005894235825282259,0.005,128
lognorm,30,0.65,0.0021927974356823216,0.00714309402183178,0.005,129
lognorm,30,0.65,0.00028424775597152285,0.0045738031337180145,0.005,130
lognorm,30,0.65,0.0013846909335862151,0.0049685943310304554,0.005,131
lognorm,30,0.65,0.0007489324171634984,0.004277085428628957,0.005,132
lognorm,30,0.65,0.002358642015101342,0.006043710051878865,0.005,133
lognorm,30,0.65,0.000798606425315614,0.00622053980237907,0.005,134
lognorm,30,0.65,0.0010905027651263444,0.006093242103248353,0.005,135
lognorm,30,0.65,0.004457158238456467,0.007199026474203714,0.005,136
lognorm,30,0.65,0.0029952016094181334,0.006482154366306567,0.005,137
lognorm,30,0.65,0.0015624276265802724,0.01774887138227867,0.005,138
lognorm,30,0.65,0.005701410717490499,0.012231636163542328,0.005,139
lognorm,30,0.65,0.0006564927705718592,0.006679013445338922,0.005,140
lognorm,30,0.65,0.0011201067969230185,0.005978022072348071,0.005,141
lognorm,30,0.65,0.001224979576212474,0.007276425660608183,0.005,142
lognorm,30,0.65,0.0008700473487830687,0.006336951272400907,0.005,143
lognorm,30,0.65,0.0010182731889739208,0.0044120956332045205,0.005,144
lognorm,30,0.65,0.0008555123043711754,0.005734575947800671,0.005,145
lognorm,30,0.65,0.0043925029358960884,0.007685249791739327,0.005,146
lognorm,30,0.65,6.76945333797807e-05,0.009134098268269948,0.005,147
lognorm,30,0.65,0.0038649363600114874,0.005887172729570546,0.005,148
lognorm,30,0.65,0.0013255254597512125,0.006078321463452854,0.005,149
lognorm,30,0.65,0.00416625986531686,0.006762455458975453,0.005,150
lognorm,30,0.65,0.00037321033067365297,0.003122783549678816,0.005,151
lognorm,30,0.65,0.00020483396972208835,0.004465692342419914,0.005,152
lognorm,30,0.65,0.005290105601111402,0.009422841335340012,0.005,153
lognorm,30,0.65,0.0028259097963172198,0.007065721738705327,0.005,154
lognorm,30,0.65,0.003577122489158916,0.005012993287397346,0.005,155
lognorm,30,0.65,0.0021329986364986026,0.006081713736504018,0.005,156
lognorm,30,0.65,0.0057976523708722335,0.009617305634409613,0.005,157
lognorm,30,0.65,0.0009235172061595261,0.005553558233521018,0.005,158
lognorm,30,0.65,0.0007038203692406375,0.010023984344924363,0.005,159
lognorm,30,0.65,0.005261815501252169,0.011400076852638118,0.005,160
lognorm,30,0.65,0.0024374225007100917,0.006261921890848313,0.005,161
lognorm,30,0.65,0.0012675742016933186,0.005305060926312702,0.005,162
lognorm,30,0.65,0.0014834876403214457,0.0047897517249162426,0.005,163
lognorm,30,0.65,0.0050183256270851,0.008393232192343355,0.005,164
lognorm,30,0.65,0.0007208455073816992,0.004988552883137786,0.005,165
lognorm,30,0.65,0.003247640108655299,0.007356928222778883,0.005,166
lognorm,30,0.65,0.003989457422659992,0.007061363521021616,0.005,167
lognorm,30,0.65,0.001732328774673101,0.007768465078865683,0.005,168
lognorm,30,0.65,0.001530022879167192,0.0060526275538796736,0.005,169
lognorm,30,0.65,0.0003953316549525724,0.006438258096932862,0.005,170
lognorm,30,0.65,0.0009296867618517334,0.005421811850452099,0.005,171
lognorm,30,0.65,0.00039222866756160414,0.0030334583332271093,0.005,172
lognorm,30,0.65,0.002289814437369112,0.006976463194515244,0.005,173
lognorm,30,0.65,0.0011239283097179327,0.00577708865951733,0.005,174
lognorm,30,0.65,0.0005787875538289669,0.005974520006796323,0.005,175
lognorm,30,0.65,0.0015709181660550945,0.007789679664188602,0.005,176
lognorm,30,0.65,0.00022432152234741856,0.008546858352501982,0.005,177
lognorm,30,0.65,0.004589539952756845,0.008672175058155247,0.005,178
lognorm,30,0.65,0.0029837591018942082,0.0070715940326941335,0.005,179
lognorm,30,0.65,0.002651034537613395,0.009256043945323747,0.005,180
lognorm,30,0.65,0.005399283892585871,0.008641000612235208,0.005,181
lognorm,30,0.65,0.006167265851830546,0.015563031420127216,0.005,182
lognorm,30,0.65,0.0003800829243749544,0.006770821008476624,0.005,183
lognorm,30,0.65,0.004711947579068405,0.007582858359538788,0.005,184
lognorm,30,0.65,0.001686733205224807,0.005140984987955692,0.005,185
lognorm,30,0.65,0.00044982151785222984,0.0072205993022764915,0.005,186
lognorm,30,0.65,0.0036783064545368354,0.007261693986291043,0.005,187
lognorm,30,0.65,0.000690647282696762,0.004438112100582011,0.005,188
lognorm,30,0.65,0.0027180585872672762,0.007776190818031746,0.005,189
lognorm,30,0.65,0.0011039123037524079,0.0056699294164980485,0.005,190
lognorm,30,0.65,0.004922032628940342,0.009003718602377165,0.005,191
lognorm,30,0.65,0.0020566093513762485,0.0049629798092987185,0.005,192
lognorm,30,0.65,0.00042144613857477326,0.0042653835566693835,0.005,193
lognorm,30,0.65,0.0027100039778539253,0.008692300596581482,0.005,194
lognorm,30,0.65,0.004603112622145315,0.01025488102200654,0.005,195
lognorm,30,0.65,0.0006407548713231902,0.004662820748700767,0.005,196
lognorm,30,0.65,0.0057413451383036395,0.013026477636952909,0.005,197
lognorm,30,0.65,0.0013679064471243598,0.008751198257476103,0.005,198
lognorm,30,0.65,0.001719326101602266,0.007067739091867649,0.005,199
lognorm,30,0.7,0.0007449089044596069,0.00501217899906666,0.005,0
lognorm,30,0.7,0.0003982119633607395,0.003764999287041151,0.005,1
lognorm,30,0.7,0.005928246477713206,0.010136016608370584,0.005,2
lognorm,30,0.7,0.0018297482672153475,0.005679909362109052,0.005,3
lognorm,30,0.7,0.003781394329352028,0.006456982691453539,0.005,4
lognorm,30,0.7,0.004328317032587225,0.0074229484919098405,0.005,5
lognorm,30,0.7,0.001296856539000557,0.006347426808086015,0.005,6
lognorm,30,0.7,0.001395263837063443,0.0050986660493503025,0.005,7
lognorm,30,0.7,0.0016392764857090735,0.005666843943167614,0.005,8
lognorm,30,0.7,0.004640985352728266,0.010124836539681152,0.005,9
lognorm,30,0.7,0.004547252285075775,0.009051871053490009,0.005,10
lognorm,30,0.7,0.00608215990391222,0.010914396046883568,0.005,11
lognorm,30,0.7,0.003461917280701887,0.005783399828125588,0.005,12
lognorm,30,0.7,0.002260174818319871,0.005770206444791004,0.005,13
lognorm,30,0.7,0.004336910784409253,0.0074210409234560255,0.005,14
lognorm,30,0.7,0.0036375563801541943,0.006254397416544219,0.005,15
lognorm,30,0.7,0.00021673496476296573,0.0031058291424172573,0.005,16
lognorm,30,0.7,0.004559675959492437,0.007837834862084753,0.005,17
lognorm,30,0.7,0.004367163700033827,0.010362119115945902,0.005,18
lognorm,30,0.7,0.0010914660834504208,0.005345199783674976,0.005,19
lognorm,30,0.7,0.00506434001475805,0.00861498961799567,0.005,20
lognorm,30,0.7,0.0034063964828194735,0.006303540363564663,0.005,21
lognorm,30,0.7,0.0006221397270961381,0.0027445158874448514,0.005,22
lognorm,30,0.7,0.0035954457655024805,0.0053378270418457845,0.005,23
lognorm,30,0.7,0.003935062332687045,0.007562980736536654,0.005,24
lognorm,30,0.7,0.0006072242664185157,0.010842548782652535,0.005,25
lognorm,30,0.7,0.0033986520960546662,0.005204342802895378,0.005,26
lognorm,30,0.7,0.0036630776656598196,0.0060606775966761724,0.005,27
lognorm,30,0.7,0.0005184232116871246,0.003912751983289274,0.005,28
lognorm,30,0.7,0.0002625209325231026,0.004128162452914077,0.005,29
lognorm,30,0.7,0.004424139623577838,0.007086329234221937,0.005,30
lognorm,30,0.7,0.005349442978917751,0.011989098273148872,0.005,31
lognorm,30,0.7,0.003224478069126824,0.005253587489121052,0.005,32
lognorm,30,0.7,0.0008277370537771667,0.004412211223909632,0.005,33
lognorm,30,0.7,0.004030732753566413,0.006581949116652533,0.005,34
lognorm,30,0.7,0.0017616525305959362,0.0056117893004818545,0.005,35
lognorm,30,0.7,0.002668207032472658,0.005373540573050573,0.005,36
lognorm,30,0.7,0.003667844937522657,0.00616646907656119,0.005,37
lognorm,30,0.7,0.0002777787848743718,0.007495032761988904,0.005,38
lognorm,30,0.7,0.0040000143011994505,0.0065621219066170295,0.005,39
lognorm,30,0.7,0.0036293759544957613,0.006244186381845299,0.005,40
lognorm,30,0.7,0.004090999489092672,0.006558211620930829,0.005,41
lognorm,30,0.7,0.003614831086224168,0.005891779790739498,0.005,42
lognorm,30,0.7,0.0009309866556755585,0.014417616088891576,0.005,43
lognorm,30,0.7,0.0033512450008445493,0.00548437179373218,0.005,44
lognorm,30,0.7,0.00372257729572496,0.005827865300914341,0.005,45
lognorm,30,0.7,0.0002811472432267203,0.0029770350838718494,0.005,46
lognorm,30,0.7,0.004596850029963051,0.008658305679419368,0.005,47
lognorm,30,0.7,0.0009957670849561784,0.005420266977461029,0.005,48
lognorm,30,0.7,0.0010353125983228462,0.0108688339816457,0.005,49
lognorm,30,0.7,0.0013413586973077152,0.012585433459180971,0.005,50
lognorm,30,0.7,0.002254128107697828,0.008197084634992566,0.005,51
lognorm,30,0.7,0.000826823230168816,0.006736309143012996,0.005,52
lognorm,30,0.7,0.003230085518019243,0.005327419180634853,0.005,53
lognorm,30,0.7,0.0009264974658326985,0.005126067673390718,0.005,54
lognorm,30,0.7,0.001839432394159135,0.005995476270782237,0.005,55
lognorm,30,0.7,0.008167318366569953,0.016186570190173527,0.005,56
lognorm,30,0.7,0.00233074104325377,0.004827650711293012,0.005,57
lognorm,30,0.7,0.003992499570202512,0.006692760295101627,0.005,58
lognorm,30,0.7,0.0031772845784775795,0.005958354434377819,0.005,59
lognorm,30,0.7,0.0002486062286959023,0.004471729652348704,0.005,60
lognorm,30,0.7,0.0037390796776960887,0.005943581948333311,0.005,61
lognorm,30,0.7,0.006238234656462193,0.010970443270586699,0.005,62
lognorm,30,0.7,0.0016738478130842727,0.0043708976624252365,0.005,63
lognorm,30,0.7,0.0008602976384870286,0.004860231855331865,0.005,64
lognorm,30,0.7,0.0010797609812286722,0.008476234544893598,0.005,65
lognorm,30,0.7,0.0011969212634697856,0.005724177874003379,0.005,66
lognorm,30,0.7,0.0006060545325330957,0.005852090242663989,0.005,67
lognorm,30,0.7,0.0002965133743088377,0.003064225029985919,0.005,68
lognorm,30,0.7,9.16715441699023e-05,0.00959381755756507,0.005,69
lognorm,30,0.7,0.00359791824631317,0.00574484770015123,0.005,70
lognorm,30,0.7,0.005081659839476005,0.01012818783705284,0.005,71
lognorm,30,0.7,0.0033760921323318983,0.00527878711828755,0.005,72
lognorm,30,0.7,0.0037518699802090993,0.005479033036837165,0.005,73
lognorm,30,0.7,0.003895889209902281,0.0062763143642441815,0.005,74
lognorm,30,0.7,0.0027481588304937078,0.004543037604308036,0.005,75
lognorm,30,0.7,0.00029696502971571226,0.008124603158049044,0.005,76
lognorm,30,0.7,0.0054578761822728136,0.012955612905901547,0.005,77
lognorm,30,0.7,0.0005991287674981249,0.01153783658811951,0.005,78
lognorm,30,0.7,0.004955158102980994,0.010854274223855093,0.005,79
lognorm,30,0.7,0.0010098174334263633,0.005795888437764348,0.005,80
lognorm,30,0.7,0.0007094180114816107,0.0072298971314057854,0.005,81
lognorm,30,0.7,0.0006789807971945727,0.006400289947707897,0.005,82
lognorm,30,0.7,0.00038594977140877785,0.0035280144357167477,0.005,83
lognorm,30,0.7,0.0027820007671284673,0.008569000619784776,0.005,84
lognorm,30,0.7,0.003065409017921261,0.004810542799632551,0.005,85
lognorm,30,0.7,0.0005965898967752014,0.006217195638993711,0.005,86
lognorm,30,0.7,0.0014386085897684752,0.007209018871870497,0.005,87
lognorm,30,0.7,0.0030651014768879213,0.011047226460036051,0.005,88
lognorm,30,0.7,0.0006356317679786616,0.005121446044210982,0.005,89
lognorm,30,0.7,0.0009284305215943922,0.004896887289291127,0.005,90
lognorm,30,0.7,0.0025446773135670117,0.006748630077386034,0.005,91
lognorm,30,0.7,0.0032462720392152367,0.0052673328938188015,0.005,92
lognorm,30,0.7,0.003006342090374703,0.00367458003814061,0.005,93
lognorm,30,0.7,0.0036939771310641745,0.0068313903840994585,0.005,94
lognorm,30,0.7,0.0027201590063796965,0.0036361351298037675,0.005,95
lognorm,30,0.7,0.005259548066467856,0.022923565846932073,0.005,96
lognorm,30,0.7,0.003972218076630463,0.006723960318918826,0.005,97
lognorm,30,0.7,0.005228164417332059,0.009884706416667754,0.005,98
lognorm,30,0.7,0.0008722665255571415,0.006072696807307897,0.005,99
lognorm,30,0.7,0.004880503882196463,0.012656261447794198,0.005,100
lognorm,30,0.7,0.004114059436166229,0.007285205719876321,0.005,101
lognorm,30,0.7,0.00462594862778688,0.008318812487430334,0.005,102
lognorm,30,0.7,0.004009875038182764,0.0067571356327651875,0.005,103
lognorm,30,0.7,0.0012862188177917844,0.008115630309523137,0.005,104
lognorm,30,0.7,0.00594190251646608,0.010501048216729857,0.005,105
lognorm,30,0.7,0.0018624103442988148,0.005392242335783076,0.005,106
lognorm,30,0.7,0.000777573196898973,0.004081884883362577,0.005,107
lognorm,30,0.7,0.00115526973936505,0.006432720381494253,0.005,108
lognorm,30,0.7,0.0007315198016245694,0.006333158469411266,0.005,109
lognorm,30,0.7,0.004058786512026113,0.009881003888065292,0.005,110
lognorm,30,0.7,0.003736340798316462,0.006021590690251923,0.005,111
lognorm,30,0.7,0.004157900859017838,0.00668137581151476,0.005,112
lognorm,30,0.7,0.004102674390466632,0.006736307126296691,0.005,113
lognorm,30,0.7,0.0010050082031035855,0.006237186904823131,0.005,114
lognorm,30,0.7,0.0044185765090626215,0.019496193031434055,0.005,115
lognorm,30,0.7,0.0035394303588415664,0.0062891684927766575,0.005,116
lognorm,30,0.7,0.0021016608151692593,0.006908905511790865,0.005,117
lognorm,30,0.7,0.003705850390491283,0.006328840827002129,0.005,118
lognorm,30,0.7,0.0011942135118102604,0.004148783540497255,0.005,119
lognorm,30,0.7,0.00035271989986396246,0.00414442575681256,0.005,120
lognorm,30,0.7,0.0052924747857559075,0.009118469113494374,0.005,121
lognorm,30,0.7,0.003832132560748702,0.006874040982488505,0.005,122
lognorm,30,0.7,0.0003540354165800563,0.0040511541278603624,0.005,123
lognorm,30,0.7,0.003518538986938846,0.0058221282976405175,0.005,124
lognorm,30,0.7,0.0019515315533448984,0.004293014887419417,0.005,125
lognorm,30,0.7,0.003432616376685693,0.006297573493117954,0.005,126
lognorm,30,0.7,0.005753458282548396,0.009816976685961829,0.005,127
lognorm,30,0.7,0.0038868027465448485,0.00625216241545949,0.005,128
lognorm,30,0.7,0.00283958183166686,0.006776491182857473,0.005,129
lognorm,30,0.7,0.0003976989613192261,0.0044444723907630865,0.005,130
lognorm,30,0.7,0.0024550473811245197,0.004772747722982928,0.005,131
lognorm,30,0.7,0.0013565171394152808,0.004504611346048306,0.005,132
lognorm,30,0.7,0.0025925912747498223,0.005849637944437589,0.005,133
lognorm,30,0.7,0.001321167420345115,0.006105591621682614,0.005,134
lognorm,30,0.7,0.000790532183299808,0.005426943318976676,0.005,135
lognorm,30,0.7,0.002846340514950929,0.0037188729420423545,0.005,136
lognorm,30,0.7,0.002765784324603593,0.006523750250630635,0.005,137
lognorm,30,0.7,0.0007769543577716975,0.015730175556801507,0.005,138
lognorm,30,0.7,0.005233167665642513,0.011040732612843647,0.005,139
lognorm,30,0.7,0.0007837086051567521,0.006477446674851975,0.005,140
lognorm,30,0.7,0.0007332725020297804,0.005216201342976881,0.005,141
lognorm,30,0.7,0.0014481007711534821,0.0069026992508824225,0.005,142
lognorm,30,0.7,0.0010069961065548028,0.005925504684563071,0.005,143
lognorm,30,0.7,0.002173124817211014,0.004170507677081285,0.005,144
lognorm,30,0.7,0.0027497036522827643,0.005555974226827657,0.005,145
lognorm,30,0.7,0.003760501805417038,0.006574562863560166,0.005,146
lognorm,30,0.7,0.00015752159924925513,0.010020243575037602,0.005,147
lognorm,30,0.7,0.003348387001711128,0.005004889844924951,0.005,148
lognorm,30,0.7,0.00289528540579238,0.005901916642247202,0.005,149
lognorm,30,0.7,0.003929914627278241,0.006378417892706122,0.005,150
lognorm,30,0.7,0.0003297736609415347,0.002203571380322373,0.005,151
lognorm,30,0.7,0.00042972338979857527,0.004543708140026234,0.005,152
lognorm,30,0.7,0.004476915402550408,0.007808955430281747,0.005,153
lognorm,30,0.7,0.0035821750736762413,0.006849850065261925,0.005,154
lognorm,30,0.7,0.003058973453951863,0.0042261894447362626,0.005,155
lognorm,30,0.7,0.0021881863674960145,0.005915273834902499,0.005,156
lognorm,30,0.7,0.003393546224958177,0.004622142469457316,0.005,157
lognorm,30,0.7,0.0009409054172232589,0.005028655742687761,0.005,158
lognorm,30,0.7,0.0007954633884380335,0.010740812031883984,0.005,159
lognorm,30,0.7,0.005944738774798108,0.010229714528950915,0.005,160
lognorm,30,0.7,0.003669875661853883,0.006244223354573296,0.005,161
lognorm,30,0.7,0.0015330750624080402,0.005038610843486981,0.005,162
lognorm,30,0.7,0.001240375625285639,0.004667601209024349,0.005,163
lognorm,30,0.7,0.004507861037954419,0.0070937644330258415,0.005,164
lognorm,30,0.7,0.001401318493215986,0.00592159458479586,0.005,165
lognorm,30,0.7,0.004143665537589802,0.006905137558403568,0.005,166
lognorm,30,0.7,0.003976467519915483,0.0065543688795446295,0.005,167
lognorm,30,0.7,0.001884366039672658,0.007585621634592542,0.005,168
lognorm,30,0.7,0.0012227382912829877,0.005868195465457878,0.005,169
lognorm,30,0.7,0.0023893780356479153,0.007399431785868531,0.005,170
lognorm,30,0.7,0.0010311912062916262,0.005338337459834388,0.005,171
lognorm,30,0.7,0.00039790181867906945,0.0029307987901824855,0.005,172
lognorm,30,0.7,0.0033825159282509618,0.0068663169656014,0.005,173
lognorm,30,0.7,0.0028080991821486712,0.005817319771145141,0.005,174
lognorm,30,0.7,0.0017468859894380294,0.006350948542629791,0.005,175
lognorm,30,0.7,0.0009235277551025044,0.00669533871403799,0.005,176
lognorm,30,0.7,0.00029706459010564457,0.007648097792364261,0.005,177
lognorm,30,0.7,0.00428291539574015,0.007919412380141976,0.005,178
lognorm,30,0.7,0.003859346915971684,0.006675263173593919,0.005,179
lognorm,30,0.7,0.004532392357673464,0.008843184523240547,0.005,180
lognorm,30,0.7,0.008497937315797255,0.015205877221814344,0.005,181
lognorm,30,0.7,0.005046379204884111,0.013517437098846879,0.005,182
lognorm,30,0.7,0.0007763551115619438,0.007815640993299676,0.005,183
lognorm,30,0.7,0.0035432416696805965,0.005500470933199161,0.005,184
lognorm,30,0.7,0.002907890768643706,0.0052659135997255345,0.005,185
lognorm,30,0.7,0.004795150353892841,0.012192284595036844,0.005,186
lognorm,30,0.7,0.004001436941142,0.006744857836624753,0.005,187
lognorm,30,0.7,0.0009019690215092746,0.004629319374648426,0.005,188
lognorm,30,0.7,0.003125943275020848,0.0076349113610580215,0.005,189
lognorm,30,0.7,0.0016926191771572396,0.005321329605682623,0.005,190
lognorm,30,0.7,0.005004312356463569,0.008728638162804262,0.005,191
lognorm,30,0.7,0.002668691186708394,0.004849893035571734,0.005,192
lognorm,30,0.7,0.0001973220027479905,0.003516361783128171,0.005,193
lognorm,30,0.7,0.004125360549319013,0.008144868480071824,0.005,194
lognorm,30,0.7,0.004922182254327101,0.010255118718754869,0.005,195
lognorm,30,0.7,0.0005173314949933782,0.0045381310425828235,0.005,196
lognorm,30,0.7,0.005264803722633493,0.012413895706560263,0.005,197
lognorm,30,0.7,0.0028920962265643778,0.008954272659430329,0.005,198
lognorm,30,0.7,0.003535279088156562,0.007578222546370828,0.005,199
lognorm,30,0.75,0.000477057071194024,0.004842854240348248,0.005,0
lognorm,30,0.75,0.00012126990643934003,0.0031914461648317356,0.005,1
lognorm,30,0.75,0.013623774572947856,0.05990653765859369,0.005,2
lognorm,30,0.75,0.001683159578167152,0.005472500287482366,0.005,3
lognorm,30,0.75,0.003528376057885829,0.005938144134989764,0.005,4
lognorm,30,0.75,0.004694923013003294,0.00819115105461484,0.005,5
lognorm,30,0.75,0.001883282664728488,0.006222134966355259,0.005,6
lognorm,30,0.75,0.0006977599044731757,0.004217768844149656,0.005,7
lognorm,30,0.75,0.000653603371382309,0.004408981064221039,0.005,8
lognorm,30,0.75,0.00474888640848435,0.010389481186911874,0.005,9
lognorm,30,0.75,0.004461575946833651,0.008752953855980893,0.005,10
lognorm,30,0.75,0.00701611169926668,0.012849594552618502,0.005,11
lognorm,30,0.75,0.005273724720573162,0.008993060128779842,0.005,12
lognorm,30,0.75,0.0012906810199546648,0.005655818725655389,0.005,13
lognorm,30,0.75,0.00428533931045445,0.0073399173249565405,0.005,14
lognorm,30,0.75,0.002501781547982033,0.005981269515481716,0.005,15
lognorm,30,0.75,0.0002763124631038375,0.0031758663103651965,0.005,16
lognorm,30,0.75,0.0029382083432060984,0.00835516084093832,0.005,17
lognorm,30,0.75,0.0022956256806114794,0.010818023689926001,0.005,18
lognorm,30,0.75,0.0013874025970418498,0.005083397167492717,0.005,19
lognorm,30,0.75,0.0064297503271259155,0.011290726135209202,0.005,20
lognorm,30,0.75,0.0021840539090678844,0.006082438625631794,0.005,21
lognorm,30,0.75,0.0007012695005452763,0.002821871342475924,0.005,22
lognorm,30,0.75,0.0033599214931612368,0.0049492348360251235,0.005,23
lognorm,30,0.75,0.004546202148735882,0.007354622248231512,0.005,24
lognorm,30,0.75,0.0007125681563080021,0.011805233653163327,0.005,25
lognorm,30,0.75,0.004216876649914554,0.006557396544667499,0.005,26
lognorm,30,0.75,0.003689269896100692,0.006116912717493496,0.005,27
lognorm,30,0.75,0.0004428266268154068,0.003635395939784237,0.005,28
lognorm,30,0.75,0.00034889340819791077,0.003703134947364076,0.005,29
lognorm,30,0.75,0.004034757377099692,0.006366147788774706,0.005,30
lognorm,30,0.75,0.005071693318580077,0.01083979474108054,0.005,31
lognorm,30,0.75,0.0022501808872495014,0.0030222784933346203,0.005,32
lognorm,30,0.75,0.0011195106075425323,0.00418929256293143,0.005,33
lognorm,30,0.75,0.003447443047170958,0.0051870208853566045,0.005,34
lognorm,30,0.75,0.001913319798292079,0.0023734879417448415,0.005,35
lognorm,30,0.75,0.0012000841601772726,0.005708106345338332,0.005,36
lognorm,30,0.75,0.0036958826717794044,0.006153341449085856,0.005,37
lognorm,30,0.75,0.00032075628845662507,0.006815968068131502,0.005,38
lognorm,30,0.75,0.005749729068742167,0.009967434194734783,0.005,39
lognorm,30,0.75,0.003505086588217221,0.005743871907061618,0.005,40
lognorm,30,0.75,0.004138470942063914,0.006327970186664354,0.005,41
lognorm,30,0.75,0.0037454172514803357,0.006163553138421614,0.005,42
lognorm,30,0.75,0.00027399671242941774,0.01499358637168918,0.005,43
lognorm,30,0.75,0.003094334510044039,0.005097920987674387,0.005,44
lognorm,30,0.75,0.0036163020309865957,0.005445752017027686,0.005,45
lognorm,30,0.75,0.0001620933972223959,0.0019962251055280914,0.005,46
lognorm,30,0.75,0.005712168651455703,0.010365055401448322,0.005,47
lognorm,30,0.75,0.0004946077108319181,0.004072187452214148,0.005,48
lognorm,30,0.75,0.0018144598075614897,0.013289690280403391,0.005,49
lognorm,30,0.75,0.0028191443651063965,0.014833935427133266,0.005,50
lognorm,30,0.75,0.0034684808148826166,0.007885616245101404,0.005,51
lognorm,30,0.75,0.0041773240182631476,0.007339399687817613,0.005,52
lognorm,30,0.75,0.001110825079959928,0.005903132124219665,0.005,53
lognorm,30,0.75,0.0007671257784526375,0.004881945235378594,0.005,54
lognorm,30,0.75,0.0020742321586072992,0.0057890162843454935,0.005,55
lognorm,30,0.75,0.009017266297316548,0.02225638189193402,0.005,56
lognorm,30,0.75,0.0009556664487587518,0.0044163372622148655,0.005,57
lognorm,30,0.75,0.0028381098335044245,0.004089063954184166,0.005,58
lognorm,30,0.75,0.003266979990902907,0.005785898715232865,0.005,59
lognorm,30,0.75,0.00042449621913454765,0.004167386452723243,0.005,60
lognorm,30,0.75,0.003890038580145383,0.005714503715598757,0.005,61
lognorm,30,0.75,0.005931804181214979,0.010755825960519095,0.005,62
lognorm,30,0.75,0.000664388046242396,0.003874828149842386,0.005,63
lognorm,30,0.75,0.0007274642257891392,0.004521782438211294,0.005,64
lognorm,30,0.75,0.000729723474247379,0.007829829949741959,0.005,65
lognorm,30,0.75,0.0008681996742701869,0.0053511090256753106,0.005,66
lognorm,30,0.75,0.000524475346702354,0.0059686430526265195,0.005,67
lognorm,30,0.75,0.0003980449538184179,0.002982719771099583,0.005,68
lognorm,30,0.75,0.00022278946584869765,0.01059703311423122,0.005,69
lognorm,30,0.75,0.0025987052319017324,0.006936319275533483,0.005,70
lognorm,30,0.75,0.004680463023559097,0.009551667965616111,0.005,71
lognorm,30,0.75,0.004260062386317405,0.006871225922397169,0.005,72
lognorm,30,0.75,0.003461507880983028,0.004923073178315372,0.005,73
lognorm,30,0.75,0.0038681271046612526,0.006242712020972281,0.005,74
lognorm,30,0.75,0.0013717090078657179,0.004582733756986295,0.005,75
lognorm,30,0.75,0.00029112934110993766,0.009189287079402498,0.005,76
lognorm,30,0.75,0.004907260137058955,0.012101319384959654,0.005,77
lognorm,30,0.75,0.0031417873796222,0.016119809384244184,0.005,78
lognorm,30,0.75,0.004746546512749372,0.010333907027991718,0.005,79
lognorm,30,0.75,0.0006084615848511276,0.00494998865851431,0.005,80
lognorm,30,0.75,0.0004925898359392278,0.006713625080781044,0.005,81
lognorm,30,0.75,0.0008088190778860138,0.006110889220606038,0.005,82
lognorm,30,0.75,0.000267595930571544,0.003299304568998137,0.005,83
lognorm,30,0.75,0.003080471895606666,0.008452586392716472,0.005,84
lognorm,30,0.75,0.0037315733103833477,0.005938217737440194,0.005,85
lognorm,30,0.75,0.0005321396054566089,0.005808171973525648,0.005,86
lognorm,30,0.75,0.0012161410673828439,0.006753774055753808,0.005,87
lognorm,30,0.75,0.0017522609499830643,0.010997725412967865,0.005,88
lognorm,30,0.75,0.00035352328865903007,0.003753463473252019,0.005,89
lognorm,30,0.75,0.0003810592731495532,0.003477630837566532,0.005,90
lognorm,30,0.75,0.0017774050313819362,0.006567048112671039,0.005,91
lognorm,30,0.75,0.0022485368308879333,0.0030587624386598017,0.005,92
lognorm,30,0.75,0.0027142564433908648,0.0033166728560320518,0.005,93
lognorm,30,0.75,0.0032947869345473593,0.006081305107029849,0.005,94
lognorm,30,0.75,0.0027689932572537933,0.0037249181462128936,0.005,95
lognorm,30,0.75,0.010113526033260692,0.02313399554121726,0.005,96
lognorm,30,0.75,0.004170992382320815,0.007270711669588684,0.005,97
lognorm,30,0.75,0.004975054000594703,0.009521835758763808,0.005,98
lognorm,30,0.75,0.0001965939298232892,0.0048848798993400494,0.005,99
lognorm,30,0.75,0.004747745399410638,0.01200293711528621,0.005,100
lognorm,30,0.75,0.003997944844959545,0.006997388380625036,0.005,101
lognorm,30,0.75,0.004708776870876926,0.008402860078825188,0.005,102
lognorm,30,0.75,0.0037353530441963656,0.006154040214098688,0.005,103
lognorm,30,0.75,0.0007327312683533371,0.007520908774220497,0.005,104
lognorm,30,0.75,0.0056208525612531385,0.00975591628586962,0.005,105
lognorm,30,0.75,0.0025403294704122578,0.005308003835379652,0.005,106
lognorm,30,0.75,0.0005234350971407231,0.004006741022771343,0.005,107
lognorm,30,0.75,0.0004727551066856961,0.004439614842428778,0.005,108
lognorm,30,0.75,0.0006649281376416145,0.006560189270107039,0.005,109
lognorm,30,0.75,0.0034065421471222083,0.009948536823914764,0.005,110
lognorm,30,0.75,0.003655837291142886,0.005508160868601057,0.005,111
lognorm,30,0.75,0.003911116316623708,0.006512976805341557,0.005,112
lognorm,30,0.75,0.00462418469834649,0.007171939690316918,0.005,113
lognorm,30,0.75,0.0005739723182223896,0.00581779635785821,0.005,114
lognorm,30,0.75,0.0068206613744503505,0.033341009673792776,0.005,115
lognorm,30,0.75,0.0034071168761480603,0.006069851029593176,0.005,116
lognorm,30,0.75,0.000501277434165548,0.0066870707169834065,0.005,117
lognorm,30,0.75,0.0034317357991345905,0.005854054585977328,0.005,118
lognorm,30,0.75,0.0009965691610700784,0.003928301531593265,0.005,119
lognorm,30,0.75,0.00030370175145624974,0.004733133927985255,0.005,120
lognorm,30,0.75,0.005023495357904591,0.008878644376553895,0.005,121
lognorm,30,0.75,0.003916609207521008,0.006673450460130437,0.005,122
lognorm,30,0.75,0.00022688730810219344,0.0038786055111311546,0.005,123
lognorm,30,0.75,0.003260463625443736,0.004924155640233826,0.005,124
lognorm,30,0.75,0.0021895939974946542,0.0043872616386449875,0.005,125
lognorm,30,0.75,0.0014007265184799481,0.0058415860007104475,0.005,126
lognorm,30,0.75,0.006056779820813526,0.011037215170845435,0.005,127
lognorm,30,0.75,0.0035422919009534463,0.0058718427324065256,0.005,128
lognorm,30,0.75,0.001996682398100891,0.00688507895425084,0.005,129
lognorm,30,0.75,0.0002654189374860098,0.004348428142858879,0.005,130
lognorm,30,0.75,0.002464114603773234,0.004783305498215835,0.005,131
lognorm,30,0.75,0.0009478168751340554,0.0043828759920602305,0.005,132
lognorm,30,0.75,0.0024916410164552262,0.00571820073204245,0.005,133
lognorm,30,0.75,0.001229231261392331,0.005805303336490392,0.005,134
lognorm,30,0.75,0.0004499593189455808,0.004680143279762999,0.005,135
lognorm,30,0.75,0.0030483575468119935,0.004015558658361365,0.005,136
lognorm,30,0.75,0.0018387210953781264,0.0063642871651164975,0.005,137
lognorm,30,0.75,0.0002870802489496782,0.0156738865473202,0.005,138
lognorm,30,0.75,0.005583220641495324,0.011301024626110802,0.005,139
lognorm,30,0.75,0.0006803705433252816,0.006279182248402144,0.005,140
lognorm,30,0.75,0.0005551641905012042,0.005052104987424225,0.005,141
lognorm,30,0.75,0.0014761431081406742,0.006645496693364185,0.005,142
lognorm,30,0.75,0.0005633396221822907,0.0058780663359317455,0.005,143
lognorm,30,0.75,0.0016967081504379719,0.004517166340346554,0.005,144
lognorm,30,0.75,0.002943254473408411,0.005527124521206752,0.005,145
lognorm,30,0.75,0.004813650288720073,0.008140943449786924,0.005,146
lognorm,30,0.75,0.00034554250237552134,0.010255150252075225,0.005,147
lognorm,30,0.75,0.003273388099885969,0.0048771247470409205,0.005,148
lognorm,30,0.75,0.001212264178391879,0.0052732086770879115,0.005,149
lognorm,30,0.75,0.0038207706837403896,0.00629735242315697,0.005,150
lognorm,30,0.75,0.0002503819740577562,0.0020125483781073513,0.005,151
lognorm,30,0.75,0.0002592136464357964,0.0039144359082260395,0.005,152
lognorm,30,0.75,0.0036464767551696474,0.005493302345898048,0.005,153
lognorm,30,0.75,0.0034200536593425625,0.006700362718314894,0.005,154
lognorm,30,0.75,0.002864736986721746,0.00393050973915895,0.005,155
lognorm,30,0.75,0.0028210230841153815,0.00570675815002395,0.005,156
lognorm,30,0.75,0.0032180276346887916,0.004444871831705976,0.005,157
lognorm,30,0.75,0.00056284611100977,0.004137452510738077,0.005,158
lognorm,30,0.75,0.00047976594874450386,0.010519854260839666,0.005,159
lognorm,30,0.75,0.005640752052840744,0.010108360730815771,0.005,160
lognorm,30,0.75,0.00357903754208048,0.006145034468053565,0.005,161
lognorm,30,0.75,0.0019884737583173735,0.004922302946755259,0.005,162
lognorm,30,0.75,0.001157080222945576,0.004440828454896607,0.005,163
lognorm,30,0.75,0.0035436862812302295,0.004920641442491023,0.005,164
lognorm,30,0.75,0.002844298294440802,0.005904391856304546,0.005,165
lognorm,30,0.75,0.004163301794149869,0.006889569569322229,0.005,166
lognorm,30,0.75,0.0038668064196950938,0.006177310080387405,0.005,167
lognorm,30,0.75,0.0012006167630714752,0.007118407057815723,0.005,168
lognorm,30,0.75,0.001815937868957344,0.005581430050581086,0.005,169
lognorm,30,0.75,0.0033668889701452542,0.007566657656396761,0.005,170
lognorm,30,0.75,0.0010268016142091162,0.005127518891764689,0.005,171
lognorm,30,0.75,0.0003480112981163093,0.002549690690954867,0.005,172
lognorm,30,0.75,0.001372509818796678,0.006405694128141237,0.005,173
lognorm,30,0.75,0.003112411204531599,0.005583357302186543,0.005,174
lognorm,30,0.75,0.0032913513611834886,0.0062213847519403025,0.005,175
lognorm,30,0.75,0.004136480686965793,0.008105771321470407,0.005,176
lognorm,30,0.75,0.0004222566839655606,0.007439428489249504,0.005,177
lognorm,30,0.75,0.004306810723807549,0.007915283750987333,0.005,178
lognorm,30,0.75,0.0036797291509635954,0.0064365508502718174,0.005,179
lognorm,30,0.75,0.004447677707598026,0.008722668803588072,0.005,180
lognorm,30,0.75,0.009098513055555084,0.01723478167545722,0.005,181
lognorm,30,0.75,0.004735282150331728,0.013777564390060866,0.005,182
lognorm,30,0.75,0.0005962247027239797,0.006595730869110647,0.005,183
lognorm,30,0.75,0.002904480284529291,0.004123662125705629,0.005,184
lognorm,30,0.75,0.001422957765832115,0.004745063269928517,0.005,185
lognorm,30,0.75,0.004405129627157992,0.012239121007031941,0.005,186
lognorm,30,0.75,0.00393619056331671,0.006557820030188132,0.005,187
lognorm,30,0.75,0.0007999155955579577,0.004589961294312056,0.005,188
lognorm,30,0.75,0.004175584615655659,0.007280244923844471,0.005,189
lognorm,30,0.75,0.002422586107357135,0.005201062138260083,0.005,190
lognorm,30,0.75,0.005899133037851308,0.009811561352736468,0.005,191
lognorm,30,0.75,0.0024457868180771075,0.004935773109713651,0.005,192
lognorm,30,0.75,6.619747602962059e-05,0.0031039351502580694,0.005,193
lognorm,30,0.75,0.0019672592963611755,0.008528500502884617,0.005,194
lognorm,30,0.75,0.004938526638449728,0.010068501281099113,0.005,195
lognorm,30,0.75,0.0005119711223158241,0.003881621800831287,0.005,196
lognorm,30,0.75,0.005078519461467964,0.011338601788710616,0.005,197
lognorm,30,0.75,0.0009770311523856102,0.007908051477600937,0.005,198
lognorm,30,0.75,0.0033816084851912304,0.007582979115653683,0.005,199
lognorm,30,0.8,0.00068949539805383,0.0042165669986095125,0.005,0
lognorm,30,0.8,0.00014220984553514615,0.0029979627642243035,0.005,1
lognorm,30,0.8,0.0030338606265187364,0.004280233828355577,0.005,2
lognorm,30,0.8,0.002838909465555828,0.0051530281924689275,0.005,3
lognorm,30,0.8,0.002571801439726995,0.003838052106323443,0.005,4
lognorm,30,0.8,0.004072606363574516,0.0068975425789626725,0.005,5
lognorm,30,0.8,0.003287724275560189,0.005761398745684709,0.005,6
lognorm,30,0.8,0.0023475846658264745,0.003623765602419712,0.005,7
lognorm,30,0.8,0.0010098246239292675,0.0039870595441214955,0.005,8
lognorm,30,0.8,0.0035101999404323573,0.007776733511334507,0.005,9
lognorm,30,0.8,0.0039835937490004135,0.007867638259633778,0.005,10
lognorm,30,0.8,0.006389560762031898,0.013727404201184788,0.005,11
lognorm,30,0.8,0.005328726545997098,0.010550315528870681,0.005,12
lognorm,30,0.8,0.0029999982993442753,0.004904426831476554,0.005,13
lognorm,30,0.8,0.0038505801711703038,0.006920931452495401,0.005,14
lognorm,30,0.8,0.002761307095978838,0.004629049698830338,0.005,15
lognorm,30,0.8,0.0002575110285550686,0.0034456116158212338,0.005,16
lognorm,30,0.8,0.003236036910793816,0.0051018098140897805,0.005,17
lognorm,30,0.8,0.005056982583849123,0.00940785132759715,0.005,18
lognorm,30,0.8,0.0017503004639813913,0.00460967297709065,0.005,19
lognorm,30,0.8,0.005715617957652253,0.011447032335250053,0.005,20
lognorm,30,0.8,0.002717700125512002,0.004270780977410233,0.005,21
lognorm,30,0.8,0.0017828858030142225,0.0029279343794099723,0.005,22
lognorm,30,0.8,0.0030156327072144995,0.004486676997805474,0.005,23
lognorm,30,0.8,0.003972575065374429,0.007026530691427563,0.005,24
lognorm,30,0.8,0.004262376361299847,0.01249683808587017,0.005,25
lognorm,30,0.8,0.001762883502649415,0.0020943301576926234,0.005,26
lognorm,30,0.8,0.002113548115457431,0.002916767327478328,0.005,27
lognorm,30,0.8,0.0004746121219255661,0.0034227134635104505,0.005,28
lognorm,30,0.8,0.000366667697760148,0.0035088367146225807,0.005,29
lognorm,30,0.8,0.003117194116050426,0.004966492573337537,0.005,30
lognorm,30,0.8,0.004305781448191648,0.00955623053744613,0.005,31
lognorm,30,0.8,0.0015933777027960395,0.002036835976171505,0.005,32
lognorm,30,0.8,0.0016068986207863124,0.0038409702312642777,0.005,33
lognorm,30,0.8,0.001974424658064389,0.002469600696814982,0.005,34
lognorm,30,0.8,0.0012399111931396646,0.0014476812811184694,0.005,35
lognorm,30,0.8,0.0012024378658045843,0.005042413451136554,0.005,36
lognorm,30,0.8,0.0031410553848323364,0.005239291630199822,0.005,37
lognorm,30,0.8,0.0036671752021511187,0.010528260837463223,0.005,38
lognorm,30,0.8,0.004943229805178207,0.009440433954264691,0.005,39
lognorm,30,0.8,0.0022966291766006288,0.0034845286756328875,0.005,40
lognorm,30,0.8,0.002687629743986642,0.0035688802919446403,0.005,41
lognorm,30,0.8,0.0035046496717685118,0.005962869108044212,0.005,42
lognorm,30,0.8,0.00017469792674618123,0.01186867541052297,0.005,43
lognorm,30,0.8,0.002432038842018969,0.0037650156245391253,0.005,44
lognorm,30,0.8,0.0027182528189419576,0.0036004954054719616,0.005,45
lognorm,30,0.8,0.0003599042065353331,0.0019234446744527311,0.005,46
lognorm,30,0.8,0.004705242066386739,0.009337127039762345,0.005,47
lognorm,30,0.8,0.0007671785951526289,0.004188712250834924,0.005,48
lognorm,30,0.8,0.00033306499275449487,0.009470994577329287,0.005,49
lognorm,30,0.8,0.0012942176184374211,0.010648399697376795,0.005,50
lognorm,30,0.8,0.003896468355315874,0.0068328959479890955,0.005,51
lognorm,30,0.8,0.0032976446523791617,0.005807151819059912,0.005,52
lognorm,30,0.8,0.0012670086815501193,0.0052363170707545245,0.005,53
lognorm,30,0.8,0.0018078377080719132,0.004738817731920529,0.005,54
lognorm,30,0.8,0.003006741128162305,0.0052106294604502374,0.005,55
lognorm,30,0.8,0.003239772115121964,0.004718727151227391,0.005,56
lognorm,30,0.8,0.002405015491291529,0.003927059656794633,0.005,57
lognorm,30,0.8,0.002639090192695193,0.003950425542474576,0.005,58
lognorm,30,0.8,0.0028912672948902874,0.004913685494846125,0.005,59
lognorm,30,0.8,0.0009733414628806392,0.004107019103549919,0.005,60
lognorm,30,0.8,0.004045504777826259,0.00686072409545141,0.005,61
lognorm,30,0.8,0.004654454904482109,0.008116859317464701,0.005,62
lognorm,30,0.8,0.0006147875634817447,0.003656919459648121,0.005,63
lognorm,30,0.8,0.0018518021751968263,0.0044631611059248785,0.005,64
lognorm,30,0.8,0.004164545532538844,0.008375218371997074,0.005,65
lognorm,30,0.8,0.0009743435096315035,0.004930455886107117,0.005,66
lognorm,30,0.8,0.0005577869605904118,0.006061714585643006,0.005,67
lognorm,30,0.8,0.00031473729608137995,0.00264662224149245,0.005,68
lognorm,30,0.8,9.72572646567027e-05,0.007921035043246394,0.005,69
lognorm,30,0.8,0.0023810845723214458,0.0072243755452058335,0.005,70
lognorm,30,0.8,0.0038497259403931453,0.007577034850674662,0.005,71
lognorm,30,0.8,0.005377092269554607,0.01037601641721784,0.005,72
lognorm,30,0.8,0.0013191106615463967,0.001497680740962285,0.005,73
lognorm,30,0.8,0.003715856365063242,0.00578655867388884,0.005,74
lognorm,30,0.8,0.0026056357465867653,0.0043151679139187896,0.005,75
lognorm,30,0.8,6.019629239517599e-14,0.004576644927877468,0.005,76
lognorm,30,0.8,0.004749614170007521,0.01135575683194927,0.005,77
lognorm,30,0.8,0.00547309507224647,0.022838462036365154,0.005,78
lognorm,30,0.8,0.00436325802896953,0.009326696740935647,0.005,79
lognorm,30,0.8,0.0030707876654034964,0.0052967394867030225,0.005,80
lognorm,30,0.8,0.0006997748931211412,0.0066476114085606,0.005,81
lognorm,30,0.8,0.000942834929735481,0.005604997731258374,0.005,82
lognorm,30,0.8,0.0005962114930981644,0.0030689093166641522,0.005,83
lognorm,30,0.8,0.004119035438540997,0.00747395084671129,0.005,84
lognorm,30,0.8,0.002830594498540751,0.0038856989274201215,0.005,85
lognorm,30,0.8,0.0005542342541728252,0.005378689715482781,0.005,86
lognorm,30,0.8,0.0034056780488985975,0.0065449881559263585,0.005,87
lognorm,30,0.8,0.0007578029935676689,0.005924325604895396,0.005,88
lognorm,30,0.8,0.0005183674602286415,0.004036874399016335,0.005,89
lognorm,30,0.8,0.0025877469903326624,0.004849513856023217,0.005,90
lognorm,30,0.8,0.0033494357572639633,0.005979786847626721,0.005,91
lognorm,30,0.8,0.0019734796396734034,0.002715282669204762,0.005,92
lognorm,30,0.8,0.0020515920930792575,0.0026863418323849575,0.005,93
lognorm,30,0.8,0.0026756684564933856,0.004848222669761282,0.005,94
lognorm,30,0.8,0.002229679484369118,0.002951146936669237,0.005,95
lognorm,30,0.8,0.0073946443388903,0.019188698137972405,0.005,96
lognorm,30,0.8,0.0031099949050110934,0.004993753776929864,0.005,97
lognorm,30,0.8,0.003863463705603576,0.007363850883915193,0.005,98
lognorm,30,0.8,0.00041201428911910034,0.004350630623946856,0.005,99
lognorm,30,0.8,0.004736244069654361,0.012316134227778086,0.005,100
lognorm,30,0.8,0.0030050118468492705,0.005214250100983992,0.005,101
lognorm,30,0.8,0.004604142034888215,0.008547175822209145,0.005,102
lognorm,30,0.8,0.0038992640926256653,0.0064286359395817755,0.005,103
lognorm,30,0.8,0.001204535314161337,0.006870315948772041,0.005,104
lognorm,30,0.8,0.006624012168269889,0.015955274769611703,0.005,105
lognorm,30,0.8,0.002438583872756528,0.005291063241601759,0.005,106
lognorm,30,0.8,0.002022357802684249,0.0038929406346388733,0.005,107
lognorm,30,0.8,0.0009171529071052121,0.005466554601177861,0.005,108
lognorm,30,0.8,0.0035854790105336546,0.007938011079617774,0.005,109
lognorm,30,0.8,0.005084069742353071,0.009490673911809598,0.005,110
lognorm,30,0.8,0.003266694584320451,0.0049906438545875296,0.005,111
lognorm,30,0.8,0.0015154487221470836,0.0018307113922375762,0.005,112
lognorm,30,0.8,0.0038041662335098316,0.006170880502454047,0.005,113
lognorm,30,0.8,0.0029698666541980723,0.004871464859049164,0.005,114
lognorm,30,0.8,0.005978617429017463,0.02874215015961209,0.005,115
lognorm,30,0.8,0.0024694703023858903,0.003911664757046707,0.005,116
lognorm,30,0.8,0.0032655501278075596,0.006025184743417004,0.005,117
lognorm,30,0.8,0.0038581575680584294,0.010749098005570164,0.005,118
lognorm,30,0.8,0.002242562651692892,0.003667452353869789,0.005,119
lognorm,30,0.8,0.0036255241821750994,0.0069694710794989,0.005,120
lognorm,30,0.8,0.003252397757816872,0.004706111170024725,0.005,121
lognorm,30,0.8,0.0033431388843978786,0.005753715832496728,0.005,122
lognorm,30,0.8,0.00015934297745860972,0.00366128930172492,0.005,123
lognorm,30,0.8,0.002440623097636219,0.0035821038719896703,0.005,124
lognorm,30,0.8,0.0020851264692191007,0.003280278193525809,0.005,125
lognorm,30,0.8,0.002793710462585053,0.0046187131645627965,0.005,126
lognorm,30,0.8,0.004750698669170639,0.008697645123496134,0.005,127
lognorm,30,0.8,0.0027057000057542748,0.004396171057222516,0.005,128
lognorm,30,0.8,0.0035341304324158166,0.0059077748921094325,0.005,129
lognorm,30,0.8,0.0009973997137041836,0.0043638436745105594,0.005,130
lognorm,30,0.8,0.0023251303900890144,0.0053602783109570114,0.005,131
lognorm,30,0.8,0.0024650652996440537,0.004167226117071237,0.005,132
lognorm,30,0.8,0.0013782255265585076,0.0016457821344930089,0.005,133
lognorm,30,0.8,0.0003573142978225974,0.003539113180525244,0.005,134
lognorm,30,0.8,0.00033170568456060147,0.00390462822579556,0.005,135
lognorm,30,0.8,0.0027330535118959666,0.003609869100475185,0.005,136
lognorm,30,0.8,0.0032072351550271,0.005401517497739157,0.005,137
lognorm,30,0.8,2.0137509935946876e-05,0.017144382576894174,0.005,138
lognorm,30,0.8,0.004958634254036376,0.010240195533951228,0.005,139
lognorm,30,0.8,0.0005973819798822167,0.005728801606071131,0.005,140
lognorm,30,0.8,0.0004664936603710146,0.0023097058474229526,0.005,141
lognorm,30,0.8,0.0031807685703844294,0.0055197308731690705,0.005,142
lognorm,30,0.8,0.0007170458799658831,0.005411897660409283,0.005,143
lognorm,30,0.8,0.0022701545564511208,0.00417281864309768,0.005,144
lognorm,30,0.8,0.0029867912419084598,0.005145866157990927,0.005,145
lognorm,30,0.8,0.004742702715709779,0.009074925533723707,0.005,146
lognorm,30,0.8,2.519568848002862e-07,0.00856858670024406,0.005,147
lognorm,30,0.8,0.0026719336472268655,0.0036090745359910995,0.005,148
lognorm,30,0.8,0.0024365368302877058,0.0037518198234213016,0.005,149
lognorm,30,0.8,0.0036471941932554987,0.0057244860621166755,0.005,150
lognorm,30,0.8,0.0004882603999057711,0.0024759416499542377,0.005,151
lognorm,30,0.8,0.0005290118129479771,0.004438291309903262,0.005,152
lognorm,30,0.8,0.003490174564140691,0.005944508698154003,0.005,153
lognorm,30,0.8,0.0026379124953246126,0.0040114586863582,0.005,154
lognorm,30,0.8,0.0023922385930454705,0.0030503446444724437,0.005,155
lognorm,30,0.8,0.002533820782698615,0.0041128366639534494,0.005,156
lognorm,30,0.8,0.003068200282662215,0.004193658834096823,0.005,157
lognorm,30,0.8,0.00056050993215917,0.003876162907587123,0.005,158
lognorm,30,0.8,0.00014939456694538223,0.00418875418847048,0.005,159
lognorm,30,0.8,0.005172051210620299,0.010429948221210537,0.005,160
lognorm,30,0.8,0.002458278274451642,0.0036896881758784056,0.005,161
lognorm,30,0.8,0.0025536065758494653,0.004243490845197498,0.005,162
lognorm,30,0.8,0.002527474475750147,0.004148739045076673,0.005,163
lognorm,30,0.8,0.002966969724459534,0.004108186167664296,0.005,164
lognorm,30,0.8,0.0028209061805596347,0.004690498380053315,0.005,165
lognorm,30,0.8,0.002488793542531953,0.003648376200119595,0.005,166
lognorm,30,0.8,0.0030339059283902795,0.004753681819948353,0.005,167
lognorm,30,0.8,0.003521072986664886,0.0064281491322836495,0.005,168
lognorm,30,0.8,0.0026766058012956287,0.004373972671131645,0.005,169
lognorm,30,0.8,0.00332873140684673,0.007014523972286728,0.005,170
lognorm,30,0.8,0.0011293762135772712,0.004901019919832763,0.005,171
lognorm,30,0.8,0.00034580685386973456,0.0022805563218003468,0.005,172
lognorm,30,0.8,0.0030304292335714637,0.004953300121515275,0.005,173
lognorm,30,0.8,0.002692483913313515,0.004538594899387659,0.005,174
lognorm,30,0.8,0.0033482973464277425,0.0057961111135306385,0.005,175
lognorm,30,0.8,0.003417677913144202,0.006551048772444368,0.005,176
lognorm,30,0.8,0.00028683567603691177,0.006782628427644488,0.005,177
lognorm,30,0.8,0.0036598970845300063,0.0063823723187306355,0.005,178
lognorm,30,0.8,0.0029110219595820386,0.004639674861009101,0.005,179
lognorm,30,0.8,0.0038625341551548733,0.007510587089549839,0.005,180
lognorm,30,0.8,0.008655244284449993,0.024233875751790514,0.005,181
lognorm,30,0.8,0.004070523312666996,0.011200569296878484,0.005,182
lognorm,30,0.8,0.003670803330815331,0.009221426822715711,0.005,183
lognorm,30,0.8,0.002273589827315625,0.0029110206539256977,0.005,184
lognorm,30,0.8,0.0020052033751059464,0.002913895212523102,0.005,185
lognorm,30,0.8,0.0038736609083325213,0.010411150015647408,0.005,186
lognorm,30,0.8,0.0027218318891142792,0.004339691376125778,0.005,187
lognorm,30,0.8,0.002728144424274293,0.004697319257500065,0.005,188
lognorm,30,0.8,0.0034446574936293443,0.006185555807010323,0.005,189
lognorm,30,0.8,0.0013811708529393397,0.005805511649306699,0.005,190
lognorm,30,0.8,0.0076731980763149465,0.028827934026149003,0.005,191
lognorm,30,0.8,0.0026634919896749046,0.0051344905251200995,0.005,192
lognorm,30,0.8,0.000117828949124843,0.0025886216119219577,0.005,193
lognorm,30,0.8,0.003750037478403301,0.006802186972070427,0.005,194
lognorm,30,0.8,0.004202660956547555,0.008711848640848164,0.005,195
lognorm,30,0.8,0.0005740715812627472,0.0038187450375272514,0.005,196
lognorm,30,0.8,0.004642973409252438,0.009921690216149446,0.005,197
lognorm,30,0.8,0.004293299951659746,0.008181566349159126,0.005,198
lognorm,30,0.8,0.0036594758571671495,0.0072613483840750625,0.005,199
lognorm,30,0.85,0.000390573074629826,0.003689912240595594,0.005,0
lognorm,30,0.85,3.801637916822642e-05,0.0020503764720780247,0.005,1
lognorm,30,0.85,0.0027643769486699332,0.0042031973909194805,0.005,2
lognorm,30,0.85,0.002913554998931515,0.005281601941874073,0.005,3
lognorm,30,0.85,0.0027987795977786516,0.00425073297798554,0.005,4
lognorm,30,0.85,0.013542488676538362,0.9165779436483859,0.005,5
lognorm,30,0.85,0.003179406424907845,0.005463144928770567,0.005,6
lognorm,30,0.85,0.0020778849953967575,0.003161163894191796,0.005,7
lognorm,30,0.85,0.0008847098251746899,0.004089069855959292,0.005,8
lognorm,30,0.85,0.0029557004873259443,0.006536204070749877,0.005,9
lognorm,30,0.85,0.003670944755409929,0.007281555716661772,0.005,10
lognorm,30,0.85,0.005911260609618921,0.04874334066495504,0.005,11
lognorm,30,0.85,0.008061881310155467,0.01897202169614195,0.005,12
lognorm,30,0.85,0.003451602595193633,0.006265349302327078,0.005,13
lognorm,30,0.85,0.0055027947978313705,0.012218236883006155,0.005,14
lognorm,30,0.85,0.002605265917057379,0.00429334507203588,0.005,15
lognorm,30,0.85,0.0017248812359653327,0.003924780581159773,0.005,16
lognorm,30,0.85,0.0027025967482328843,0.004157056000738868,0.005,17
lognorm,30,0.85,0.005056931069584066,0.009945167615114077,0.005,18
lognorm,30,0.85,0.001119276077496641,0.004767996219497196,0.005,19
lognorm,30,0.85,0.0055149245285089354,0.0130125575074733,0.005,20
lognorm,30,0.85,0.002317136972681414,0.0033451873025798873,0.005,21
lognorm,30,0.85,0.0005443789424756466,0.0018348268439462845,0.005,22
lognorm,30,0.85,0.002413950108898351,0.003306310277660578,0.005,23
lognorm,30,0.85,0.012132903269941393,0.11587849121891587,0.005,24
lognorm,30,0.85,0.0031117066300293166,0.011708570729297381,0.005,25
lognorm,30,0.85,0.0018843999107398164,0.002598505119531243,0.005,26
lognorm,30,0.85,0.0021039331278140208,0.002758213625002134,0.005,27
lognorm,30,0.85,0.0003688851038593695,0.0032103505319674257,0.005,28
lognorm,30,0.85,0.00031528852700011634,0.0025592602903322407,0.005,29
lognorm,30,0.85,0.003056714844666797,0.004585687237670473,0.005,30
lognorm,30,0.85,0.004754041896588604,0.0097596167968,0.005,31
lognorm,30,0.85,0.0014020820700343939,0.0017303450111889817,0.005,32
lognorm,30,0.85,0.0008143526980926203,0.0038911036230879765,0.005,33
lognorm,30,0.85,0.0018127992963932378,0.0022499025529797334,0.005,34
lognorm,30,0.85,0.0016120588732226881,0.002020985696168962,0.005,35
lognorm,30,0.85,0.0021606220605243456,0.004919039619469002,0.005,36
lognorm,30,0.85,0.0032154116042677483,0.0052202864876209135,0.005,37
lognorm,30,0.85,0.0024631650857519873,0.010263480922494298,0.005,38
lognorm,30,0.85,0.0014491745132040692,0.0017174715960639564,0.005,39
lognorm,30,0.85,0.002342699507976183,0.0034062136531181914,0.005,40
lognorm,30,0.85,0.0027392239141815393,0.004452327505747724,0.005,41
lognorm,30,0.85,0.008565973445121462,0.024512821916738384,0.005,42
lognorm,30,0.85,2.2089328022019867e-05,0.012267634740924533,0.005,43
lognorm,30,0.85,0.003242655513379729,0.005530470808979781,0.005,44
lognorm,30,0.85,0.0014702062788739903,0.0017796463974336983,0.005,45
lognorm,30,0.85,0.0001527275750816496,0.0016086695809212652,0.005,46
lognorm,30,0.85,0.004398662666236304,0.008907651059344927,0.005,47
lognorm,30,0.85,0.0006665591799536,0.0036158542272933035,0.005,48
lognorm,30,0.85,4.430150011551041e-05,0.010684134943887005,0.005,49
lognorm,30,0.85,0.0006643011755332143,0.012502595430627298,0.005,50
lognorm,30,0.85,0.004053674327076984,0.007721406545018633,0.005,51
lognorm,30,0.85,0.0032992678206372377,0.006054773821196998,0.005,52
lognorm,30,0.85,0.0027631008295386597,0.004790765951314254,0.005,53
lognorm,30,0.85,0.0022329145977421083,0.0035558604849640417,0.005,54
lognorm,30,0.85,0.0029560878093980816,0.005471108414789514,0.005,55
lognorm,30,0.85,0.0017556981416943691,0.0023101557934121957,0.005,56
lognorm,30,0.85,0.0023386081016420293,0.003705549687659552,0.005,57
lognorm,30,0.85,0.002597545245831038,0.0037262176069027724,0.005,58
lognorm,30,0.85,0.0049655109848408445,0.009435617207254424,0.005,59
lognorm,30,0.85,0.0010709875524023507,0.00389780748943068,0.005,60
lognorm,30,0.85,0.003934004088806749,0.006921450328230049,0.005,61
lognorm,30,0.85,0.003679748184108063,0.007276737080446929,0.005,62
lognorm,30,0.85,0.002053326444507564,0.00337639470397638,0.005,63
lognorm,30,0.85,0.0007029255709368002,0.0042301851258691675,0.005,64
lognorm,30,0.85,0.0035348926869722868,0.00769121403930844,0.005,65
lognorm,30,0.85,0.0005224695104517618,0.004226345537574186,0.005,66
lognorm,30,0.85,0.0003434148009229439,0.005366631437158379,0.005,67
lognorm,30,0.85,0.0002490223526121308,0.0015195695473780588,0.005,68
lognorm,30,0.85,4.969574210681818e-06,0.0072456776653666444,0.005,69
lognorm,30,0.85,0.003828481331555518,0.006907251256382192,0.005,70
lognorm,30,0.85,0.0032594403191724686,0.00548513226145863,0.005,71
lognorm,30,0.85,0.012934527252648135,0.14921302534075162,0.005,72
lognorm,30,0.85,0.0012534498044253217,0.001619273766735805,0.005,73
lognorm,30,0.85,0.0016005669671289393,0.0019270900418161736,0.005,74
lognorm,30,0.85,0.0008297247623434052,0.0009408552915514641,0.005,75
lognorm,30,0.85,2.2131614504002544e-09,0.0044292192119512715,0.005,76
lognorm,30,0.85,0.006674411980790773,0.01530737865492333,0.005,77
lognorm,30,0.85,0.0016099961933549825,0.014058712248814782,0.005,78
lognorm,30,0.85,0.0053421364244614815,0.010875320494056947,0.005,79
lognorm,30,0.85,0.0018514868989868056,0.002558869495895102,0.005,80
lognorm,30,0.85,0.000720754988770796,0.006241682793527305,0.005,81
lognorm,30,0.85,0.000623542762412499,0.005133190117602456,0.005,82
lognorm,30,0.85,0.00023213879380049965,0.00286965462264232,0.005,83
lognorm,30,0.85,0.0030056687069741628,0.00473159911384903,0.005,84
lognorm,30,0.85,0.0011329584581430963,0.0013171145852316026,0.005,85
lognorm,30,0.85,0.0033073814522279936,0.007295862906258682,0.005,86
lognorm,30,0.85,0.003049726020184033,0.00590409065219744,0.005,87
lognorm,30,0.85,0.003772412809516549,0.0070370407460050785,0.005,88
lognorm,30,0.85,0.0004943010394131697,0.0036847319826355976,0.005,89
lognorm,30,0.85,0.0022691080123215706,0.0037838725821981167,0.005,90
lognorm,30,0.85,0.0029508442673673767,0.006422893418633183,0.005,91
lognorm,30,0.85,0.0013890933919398774,0.0016902894025890383,0.005,92
lognorm,30,0.85,0.002013190488061256,0.0032738385449400235,0.005,93
lognorm,30,0.85,0.0027717202828076064,0.004874585322645572,0.005,94
lognorm,30,0.85,0.0023663788823253444,0.003202009993351919,0.005,95
lognorm,30,0.85,0.007720495112817619,0.018790209403765207,0.005,96
lognorm,30,0.85,0.007474076528820742,0.016420091726324887,0.005,97
lognorm,30,0.85,0.0038278692559226,0.007191059695232369,0.005,98
lognorm,30,0.85,0.00034111454378031125,0.003954324806470067,0.005,99
lognorm,30,0.85,0.0041940561351033745,0.0103270269040174,0.005,100
lognorm,30,0.85,0.00321087633234209,0.0056007395500711175,0.005,101
lognorm,30,0.85,0.0034851390251729266,0.006272773433777124,0.005,102
lognorm,30,0.85,0.0022728287674042558,0.003019716169380149,0.005,103
lognorm,30,0.85,0.003376227570013194,0.006561872144240984,0.005,104
lognorm,30,0.85,0.004210249768100027,0.008305116755001056,0.005,105
lognorm,30,0.85,0.0019034045791306111,0.005357023400034891,0.005,106
lognorm,30,0.85,0.0005751472777277278,0.0032348587556759725,0.005,107
lognorm,30,0.85,0.0023868640382575705,0.005062097850803973,0.005,108
lognorm,30,0.85,0.003509170925820907,0.0076163407140341045,0.005,109
lognorm,30,0.85,0.0035445712226967645,0.011639214298993086,0.005,110
lognorm,30,0.85,0.002754973993253103,0.004075140953494778,0.005,111
lognorm,30,0.85,0.001618289901312131,0.0019780295417511674,0.005,112
lognorm,30,0.85,0.003455392428181251,0.005844942150247693,0.005,113
lognorm,30,0.85,0.0025148347429244837,0.004134728661061568,0.005,114
lognorm,30,0.85,0.0067299579756331385,0.030685113682095796,0.005,115
lognorm,30,0.85,0.002953513738679266,0.00466435342536674,0.005,116
lognorm,30,0.85,0.001137254871364716,0.0064580794909755,0.005,117
lognorm,30,0.85,0.006980878921392153,0.0155952463742032,0.005,118
lognorm,30,0.85,0.002360074943116482,0.0039274588827218175,0.005,119
lognorm,30,0.85,0.0032333012222180435,0.006363860041930233,0.005,120
lognorm,30,0.85,0.001869226517690096,0.0023525554573148974,0.005,121
lognorm,30,0.85,0.005296347077582937,0.012531348716112533,0.005,122
lognorm,30,0.85,0.0002550962668842841,0.003232317751684831,0.005,123
lognorm,30,0.85,0.002554347143101765,0.003795758325804351,0.005,124
lognorm,30,0.85,0.0023119433002211642,0.0035356150102662126,0.005,125
lognorm,30,0.85,0.0024842651420546313,0.003927720066332648,0.005,126
lognorm,30,0.85,0.0023420084544186386,0.0031440727009367513,0.005,127
lognorm,30,0.85,0.0030368230372244858,0.004911085862947656,0.005,128
lognorm,30,0.85,0.003931564923051412,0.006945740778484011,0.005,129
lognorm,30,0.85,0.0006622403294425094,0.004424268519307598,0.005,130
lognorm,30,0.85,0.00186249014473198,0.005594237405933721,0.005,131
lognorm,30,0.85,0.00157879232283085,0.0044299735534464625,0.005,132
lognorm,30,0.85,0.0012861402048519968,0.0015419029263412337,0.005,133
lognorm,30,0.85,0.0004504918180660936,0.003043199876963731,0.005,134
lognorm,30,0.85,0.00033919682369006515,0.0039016308337316264,0.005,135
lognorm,30,0.85,0.0028250447868683284,0.004344836991519035,0.005,136
lognorm,30,0.85,0.0041646552892627975,0.009370893746811592,0.005,137
lognorm,30,0.85,6.775260104989004e-06,0.015383877251626914,0.005,138
lognorm,30,0.85,0.0063138341011526045,0.013855221916870776,0.005,139
lognorm,30,0.85,0.0003296634641786385,0.005029319991055865,0.005,140
lognorm,30,0.85,0.002462384754078302,0.0040591780296890135,0.005,141
lognorm,30,0.85,0.004022066782293517,0.007220145411541031,0.005,142
lognorm,30,0.85,0.0004919971417615502,0.00513343067770704,0.005,143
lognorm,30,0.85,0.00267399346781938,0.005042920659396467,0.005,144
lognorm,30,0.85,0.0029398748728669544,0.005084493675385276,0.005,145
lognorm,30,0.85,0.008009552759803676,0.022443263143561105,0.005,146
lognorm,30,0.85,0.00013677257662382997,0.008303987571532112,0.005,147
lognorm,30,0.85,0.0026017199093384402,0.003744492309540997,0.005,148
lognorm,30,0.85,0.001834140206426508,0.0025551279801220837,0.005,149
lognorm,30,0.85,0.005500959663287045,0.01682664079327368,0.005,150
lognorm,30,0.85,0.0006104397248161697,0.002416318977595128,0.005,151
lognorm,30,0.85,0.000510210991661079,0.004376060447757035,0.005,152
lognorm,30,0.85,0.004373734549565522,0.008514750353602742,0.005,153
lognorm,30,0.85,0.0025242115054784167,0.008461620413955876,0.005,154
lognorm,30,0.85,0.003698222064419239,0.01387151719865489,0.005,155
lognorm,30,0.85,0.002541541209847194,0.004140592451398204,0.005,156
lognorm,30,0.85,0.0026040530681918543,0.003913764664332329,0.005,157
lognorm,30,0.85,0.00034341409919563803,0.003220031224171913,0.005,158
lognorm,30,0.85,0.00015694146163151382,0.003998252177488398,0.005,159
lognorm,30,0.85,0.008321847414510659,0.028840431075738953,0.005,160
lognorm,30,0.85,0.0022033170662367207,0.0033093769271524054,0.005,161
lognorm,30,0.85,0.002624517052665994,0.004399797150635382,0.005,162
lognorm,30,0.85,0.0022317251396992512,0.004084255712867089,0.005,163
lognorm,30,0.85,0.001720008970424162,0.0022046364574756353,0.005,164
lognorm,30,0.85,0.003508524565274951,0.006322134741012667,0.005,165
lognorm,30,0.85,0.0028051272451531566,0.004082945242436557,0.005,166
lognorm,30,0.85,0.003936548285169927,0.006907026623433177,0.005,167
lognorm,30,0.85,0.0036291964338256433,0.006717202464863684,0.005,168
lognorm,30,0.85,0.0033633391848069683,0.005971331174737686,0.005,169
lognorm,30,0.85,0.0005606752639163252,0.006919087386460229,0.005,170
lognorm,30,0.85,0.002248417772329092,0.004557802525078335,0.005,171
lognorm,30,0.85,0.00039745697124282664,0.002015288251816077,0.005,172
lognorm,30,0.85,0.002553385318618077,0.004184603074594663,0.005,173
lognorm,30,0.85,0.004593792435830505,0.008664015194403693,0.005,174
lognorm,30,0.85,0.00305977020979592,0.005278954698378215,0.005,175
lognorm,30,0.85,0.0031917317290624894,0.006007773222067803,0.005,176
lognorm,30,0.85,0.00015011674713394374,0.006471080254390399,0.005,177
lognorm,30,0.85,0.0035594105175680473,0.006739679833290092,0.005,178
lognorm,30,0.85,0.0029959604011362733,0.0047095186828800956,0.005,179
lognorm,30,0.85,0.002285234421306829,0.00955574310753004,0.005,180
lognorm,30,0.85,0.0174995309207299,0.21856063654647445,0.005,181
lognorm,30,0.85,0.004585190056916636,0.011985586093484457,0.005,182
lognorm,30,0.85,0.003404322317813309,0.008049701009978802,0.005,183
lognorm,30,0.85,0.001950620456475464,0.0025956385842155387,0.005,184
lognorm,30,0.85,0.0019945053117897404,0.002774720615046413,0.005,185
lognorm,30,0.85,0.0035258642546480883,0.009675522523917148,0.005,186
lognorm,30,0.85,0.0028740471380972834,0.00442404153510462,0.005,187
lognorm,30,0.85,0.002085524767139986,0.0031704201323939185,0.005,188
lognorm,30,0.85,0.003089661233457256,0.005533207976237348,0.005,189
lognorm,30,0.85,0.001078160239549893,0.005875053778730783,0.005,190
lognorm,30,0.85,0.006382802802961292,0.02627871955917289,0.005,191
lognorm,30,0.85,0.0009509278290367924,0.0032203610238143313,0.005,192
lognorm,30,0.85,9.40166359458446e-05,0.0019753131934778555,0.005,193
lognorm,30,0.85,0.004073037436801985,0.007749477677791501,0.005,194
lognorm,30,0.85,0.004043406020723857,0.00821055951926158,0.005,195
lognorm,30,0.85,0.0019264869119435997,0.003704239905573279,0.005,196
lognorm,30,0.85,0.0040194624671673704,0.008712699452536516,0.005,197
lognorm,30,0.85,0.0038420324613299877,0.007354299085208065,0.005,198
lognorm,30,0.85,0.0001828354484975277,0.003994666702599318,0.005,199
