1.190515035312091907e+00
7.787471934320983058e-01
5.362683874529053929e-01
6.027027742145131262e-01
4.791048292485857174e-01
1.673896088677030436e+00
1.240316633898701282e+00
6.941121172701932851e-01
4.387836097623722953e-01
2.135395044452198743e+00
4.432249168595173927e+00
1.014042573234067435e+00
2.363977888382245318e+00
1.094902611412591903e-01
3.292317672705095344e+00
1.252131220421673685e+00
3.012194211161002277e-01
9.639615299650573788e-02
1.327074439571521269e+00
7.211240402009012618e-01
1.609767808232617892e+00
1.931303613777072270e+00
2.006854520957582100e+00
1.421606036976386767e+00
2.431308253994431956e-01
4.846151754222229879e-01
2.689035491591749150e+00
7.936805053503492857e-02
7.397961401939903148e-01
3.084058288284370342e+00
